1 0.712500 0.658423 0.706250 0.680062 0.705469 0.692427 0.701562 0.709428 0.701562 0.721793 0.697656 0.741886 0.697656 0.749614 0.694531 0.765070 0.693750 0.778980 0.686719 0.802164 0.685937 0.812983 0.682813 0.822257 0.682031 0.839258 0.675781 0.862442 0.664844 0.879444 0.666406 0.885626 0.685156 0.927357 0.717969 0.990726 0.720313 1.000000 0.875781 1.000000 0.875781 0.995363 0.873437 0.993818 0.867969 0.979907 0.856250 0.958269 0.850781 0.942813 0.836719 0.911901 0.831250 0.902628 0.780469 0.791345 0.750781 0.732612 0.748437 0.724884 0.735938 0.700155 0.734375 0.693972 0.718750 0.663060
1 0.364063 0.000000 0.364063 0.009274 0.365625 0.015456 0.372656 0.026275 0.397656 0.075734 0.401562 0.086553 0.430469 0.140649 0.465625 0.214838 0.519531 0.318393 0.524219 0.324575 0.526563 0.324575 0.529687 0.318393 0.537500 0.312210 0.539844 0.299845 0.539062 0.293663 0.527344 0.268934 0.524219 0.259660 0.524219 0.251932 0.528125 0.236476 0.535937 0.219474 0.537500 0.211747 0.541406 0.204019 0.549219 0.176198 0.548438 0.156105 0.541406 0.139104 0.526563 0.109737 0.520312 0.100464 0.501563 0.063369 0.495312 0.047913 0.486719 0.034003 0.477344 0.012365 0.473438 0.006182 0.469531 0.004637 0.468750 0.000000 0.387500 0.000000 0.386719 0.004637 0.383594 0.004637 0.382812 0.000000 0.378906 0.000000 0.378125 0.004637 0.373437 0.004637 0.372656 0.000000
0 0.989844 0.357032 0.989062 0.360124 0.985938 0.361669 0.984375 0.398764 0.989844 0.406491 0.992969 0.406491 0.993750 0.415765 1.000000 0.418856 1.000000 0.412674 0.995313 0.408037 0.996094 0.404946 1.000000 0.403400 1.000000 0.357032
0 0.989844 0.340031 0.989062 0.347759 0.989844 0.350850 0.991406 0.350850 0.993750 0.347759 0.993750 0.343122
0 0.766406 0.000000 0.766406 0.004637 0.778906 0.029366 0.853125 0.162287 0.860938 0.160742 0.884375 0.205564 0.885156 0.210201 0.891406 0.222566 0.896094 0.219474 0.896094 0.214838 0.901563 0.200927 0.903906 0.190108 0.904687 0.176198 0.901563 0.183926 0.900000 0.182380 0.900000 0.176198 0.902344 0.173107 0.907813 0.151468 0.914062 0.139104 0.923438 0.148377 0.925781 0.156105 0.940625 0.182380 0.942969 0.193199 0.947656 0.191654 0.946875 0.182380 0.950781 0.170015 0.956250 0.159196 0.955469 0.149923 0.950781 0.148377 0.950781 0.143740 0.946875 0.128284 0.948438 0.125193 0.950000 0.112828 0.955469 0.103555 0.962500 0.103555 0.969531 0.114374 0.973437 0.112828 0.973437 0.105100 0.975781 0.097372 0.982031 0.086553 0.984375 0.086553 0.989844 0.092736 0.991406 0.103555 0.996094 0.115920 0.996875 0.126739 1.000000 0.126739 1.000000 0.000000
0 0.592187 0.000000 0.592187 0.004637 0.660937 0.139104 0.663281 0.148377 0.667188 0.149923 0.670312 0.146832 0.675000 0.119011 0.675000 0.097372 0.672656 0.085008 0.653906 0.047913 0.650000 0.037094 0.631250 0.003091 0.631250 0.000000
0 0.838281 0.522411 0.835938 0.528594 0.835938 0.533230 0.839844 0.547141 0.885156 0.635240 0.893750 0.647604 0.919531 0.698609 0.932031 0.718702 0.967187 0.792890 0.997656 0.845440 1.000000 0.845440 1.000000 0.573416 0.998437 0.573416 0.988281 0.550232 0.982812 0.542504 0.935937 0.449768 0.924219 0.432767 0.918750 0.434312 0.911719 0.446677 0.902344 0.468315 0.900781 0.476043 0.877344 0.520866 0.875781 0.520866 0.873437 0.514683 0.869531 0.511592 0.863281 0.499227 0.860938 0.497682 0.856250 0.499227 0.841406 0.520866
0 0.407813 0.115920 0.393750 0.143740 0.380469 0.177743 0.361719 0.217929 0.358594 0.230294 0.363281 0.244204 0.389062 0.298300 0.435937 0.389490 0.441406 0.404946 0.464062 0.445131 0.473438 0.446677 0.478906 0.438949 0.480469 0.428130 0.485156 0.412674 0.494531 0.395672 0.498437 0.380216 0.510156 0.357032 0.511719 0.346213 0.514062 0.341577 0.521094 0.335394 0.521875 0.327666 0.502344 0.285935 0.499219 0.282844 0.490625 0.264297 0.484375 0.255023 0.443750 0.173107 0.432031 0.157651 0.421875 0.139104 0.417187 0.126739
1 0.700000 0.630603 0.700000 0.633694 0.703125 0.633694 0.703125 0.630603
1 0.629687 0.965997 0.633594 0.976816 0.633594 0.981453 0.636719 0.989181 0.638281 1.000000 0.708594 1.000000 0.708594 0.995363 0.701562 0.987635 0.689063 0.965997 0.678125 0.938176 0.670312 0.928903 0.662500 0.913447 0.655469 0.908810 0.650000 0.910355 0.646875 0.916538 0.641406 0.933539 0.630469 0.956723
1 0.544531 0.992272 0.544531 1.000000 0.708594 1.000000 0.707031 0.990726 0.701562 0.986090 0.690625 0.967543 0.676562 0.935085 0.671094 0.928903 0.661719 0.911901 0.649219 0.911901 0.641406 0.930448 0.639062 0.939722 0.633594 0.947450 0.631250 0.958269 0.627344 0.961360 0.617188 0.950541 0.596875 0.907264 0.587500 0.890263 0.577344 0.877898 0.571094 0.877898 0.564844 0.887172 0.561719 0.902628 0.564063 0.925811 0.560156 0.935085 0.556250 0.933539 0.556250 0.938176 0.548438 0.964451 0.546875 0.981453
0 0.683594 0.261206 0.681250 0.265842 0.678906 0.281298 0.674219 0.295209 0.667188 0.344668 0.667188 0.352396 0.670312 0.360124 0.670312 0.367852 0.678125 0.378671 0.680469 0.384853 0.684375 0.384853 0.685156 0.380216 0.685937 0.392581 0.691406 0.403400 0.694531 0.406491 0.700000 0.406491 0.701562 0.409583 0.701562 0.417311 0.708594 0.431221 0.716406 0.435858 0.721094 0.449768 0.729688 0.459042 0.735156 0.471406 0.735156 0.477589 0.732812 0.486862 0.728125 0.499227 0.723437 0.506955 0.710156 0.547141 0.696094 0.578053 0.696094 0.587326 0.698438 0.595054 0.731250 0.663060 0.733594 0.670788 0.760156 0.723338 0.779687 0.768161 0.817969 0.846986 0.825781 0.867079 0.833594 0.879444 0.835938 0.888717 0.840625 0.896445 0.841406 0.902628 0.849219 0.913447 0.850781 0.919629 0.855469 0.927357 0.857031 0.935085 0.860938 0.939722 0.873437 0.967543 0.877344 0.970634 0.884375 0.986090 0.889062 0.990726 0.889844 1.000000 1.000000 1.000000 1.000000 0.850077 0.998437 0.850077 0.991406 0.834621 0.967187 0.795981 0.964844 0.788253 0.926562 0.710974 0.924219 0.709428 0.893750 0.649150 0.885156 0.636785 0.836719 0.540958 0.830469 0.533230 0.827344 0.520866 0.819531 0.505410 0.818750 0.500773 0.812500 0.493045 0.800000 0.466770 0.796094 0.463679 0.774219 0.420402 0.771875 0.411128 0.767188 0.401855 0.764844 0.400309 0.752344 0.372488 0.742969 0.358578 0.736719 0.343122 0.724219 0.323029 0.703906 0.281298 0.697656 0.275116 0.693750 0.264297 0.686719 0.259660
0 0.735156 0.009274 0.724219 0.030912 0.716406 0.064915 0.715625 0.074189 0.712500 0.081917 0.708594 0.108192 0.708594 0.115920 0.702344 0.142195 0.702344 0.166924 0.696875 0.176198 0.688281 0.219474 0.686719 0.231839 0.687500 0.245750 0.730469 0.324575 0.765625 0.394127 0.773438 0.404946 0.788281 0.434312 0.791406 0.437403 0.796094 0.449768 0.807031 0.468315 0.810937 0.479134 0.825781 0.508501 0.829688 0.511592 0.833594 0.510046 0.842187 0.493045 0.843750 0.474498 0.842187 0.463679 0.839063 0.463679 0.837500 0.460587 0.837500 0.438949 0.835156 0.434312 0.832031 0.418856 0.831250 0.391036 0.835938 0.366306 0.840625 0.352396 0.843750 0.347759 0.845313 0.338485 0.852344 0.326121 0.858594 0.304482 0.867969 0.282844 0.871875 0.265842 0.871875 0.253478 0.863281 0.233385 0.842187 0.194745 0.834375 0.183926 0.757812 0.040185 0.746094 0.024730 0.741406 0.012365
0 0.673438 0.089645 0.674219 0.111283 0.675000 0.094281
0 0.492969 0.000000 0.492969 0.004637 0.509375 0.037094 0.526563 0.063369 0.548438 0.111283 0.559375 0.119011 0.574219 0.149923 0.592969 0.173107 0.614844 0.213292 0.625781 0.222566 0.629687 0.231839 0.630469 0.247295 0.632812 0.259660 0.646094 0.270479 0.650781 0.264297 0.658594 0.224111 0.659375 0.208655 0.661719 0.194745 0.662500 0.173107 0.664844 0.159196 0.667188 0.154560 0.667188 0.149923 0.664844 0.149923 0.661719 0.143740 0.660937 0.137558 0.593750 0.006182 0.588281 0.004637 0.587500 0.000000
1 0.423438 0.148377 0.423438 0.153014 0.425781 0.151468 0.425000 0.148377
1 0.407031 0.117465 0.407813 0.122102 0.410938 0.120556 0.408594 0.115920
1 0.002344 0.000000 0.002344 0.003091 0.000000 0.004637 0.000000 0.958269 0.016406 0.958269 0.025000 0.955178 0.032813 0.959815 0.037500 0.958269 0.042188 0.965997 0.044531 0.979907 0.044531 0.989181 0.101562 0.990726 0.106250 0.995363 0.107031 1.000000 0.503125 1.000000 0.503125 0.995363 0.497656 0.975270 0.494531 0.973725 0.492188 0.965997 0.485156 0.956723 0.482031 0.942813 0.478906 0.942813 0.476562 0.933539 0.470313 0.927357 0.467969 0.916538 0.463281 0.911901 0.461719 0.904173 0.454688 0.894900 0.451562 0.880989 0.451562 0.871716 0.447656 0.874807 0.446875 0.870170 0.448437 0.862442 0.459375 0.840804 0.459375 0.833076 0.456250 0.817620 0.457031 0.809892 0.466406 0.786708 0.472656 0.777434 0.474219 0.766615 0.475781 0.763524 0.478125 0.741886 0.478125 0.720247 0.476562 0.717156 0.478125 0.701700 0.485938 0.700155 0.490625 0.703246 0.495312 0.698609 0.502344 0.683153 0.503906 0.675425 0.507031 0.669243 0.512500 0.642968 0.519531 0.624420 0.521094 0.610510 0.524219 0.604328 0.524219 0.584235 0.520312 0.570325 0.500781 0.530139 0.500000 0.525502 0.493750 0.514683 0.492969 0.510046 0.485938 0.499227 0.485156 0.494590 0.474219 0.474498 0.471094 0.465224 0.440625 0.406491 0.433594 0.387944 0.387500 0.298300 0.383594 0.287481 0.357031 0.234930 0.355469 0.225657 0.344531 0.204019 0.341406 0.193199 0.337500 0.187017 0.335938 0.179289 0.331250 0.173107 0.329688 0.165379 0.324219 0.157651 0.324219 0.153014 0.321094 0.146832 0.316406 0.142195 0.316406 0.137558 0.317969 0.136012 0.324219 0.145286 0.326562 0.154560 0.329688 0.157651 0.332813 0.166924 0.336719 0.171561 0.341406 0.170015 0.342969 0.173107 0.342969 0.183926 0.345313 0.187017 0.350000 0.187017 0.351562 0.190108 0.350781 0.197836 0.352344 0.200927 0.356250 0.197836 0.354687 0.190108 0.357031 0.183926 0.360156 0.190108 0.359375 0.199382 0.360938 0.202473 0.365625 0.199382 0.367188 0.193199 0.370312 0.191654 0.370312 0.185471 0.366406 0.183926 0.364844 0.177743 0.362500 0.174652 0.364063 0.165379 0.361719 0.162287 0.358594 0.162287 0.357031 0.159196 0.364844 0.156105 0.367969 0.159196 0.365625 0.166924 0.367188 0.170015 0.369531 0.170015 0.371094 0.166924 0.370312 0.159196 0.372656 0.154560 0.374219 0.159196 0.374219 0.170015 0.377344 0.176198 0.383594 0.160742 0.383594 0.154560 0.380469 0.143740 0.385156 0.142195 0.392969 0.134467 0.398438 0.120556 0.400781 0.120556 0.401562 0.103555 0.397656 0.102009 0.395313 0.097372 0.396094 0.086553 0.394531 0.083462 0.389062 0.083462 0.387500 0.080371 0.387500 0.072643 0.381250 0.063369 0.379688 0.052550 0.374219 0.051005 0.371875 0.038640 0.367188 0.032457 0.363281 0.020093 0.357812 0.018547 0.356250 0.010819 0.346094 0.007728 0.259375 0.007728 0.251563 0.013910 0.248438 0.009274 0.239844 0.004637 0.032031 0.004637 0.031250 0.000000 0.027344 0.000000 0.026562 0.004637 0.014844 0.004637 0.014063 0.000000 0.010937 0.000000 0.010156 0.004637 0.009375 0.000000
