0 0.351562 0.000000 0.351562 0.004651 0.353125 0.006202 0.353906 0.012403 0.384375 0.072868 0.396094 0.100775 0.427344 0.162791 0.431250 0.173643 0.442969 0.193798 0.447656 0.189147 0.453125 0.187597 0.457031 0.176744 0.463281 0.170543 0.469531 0.159690 0.469531 0.150388 0.442188 0.094574 0.441406 0.089922 0.429688 0.062016 0.407813 0.018605 0.403125 0.006202 0.398438 0.004651 0.397656 0.000000
0 0.000000 0.004651 0.000000 0.114729 0.002344 0.116279 0.003125 0.120930 0.042969 0.201550 0.117969 0.361240 0.154688 0.432558 0.185938 0.497674 0.187500 0.503876 0.192969 0.513178 0.197656 0.516279 0.203125 0.503876 0.203906 0.493023 0.208594 0.483721 0.218750 0.475969 0.221875 0.469767 0.220312 0.466667 0.218750 0.455814 0.179688 0.373643 0.142969 0.300775 0.136719 0.283721 0.132031 0.260465 0.125781 0.243411 0.111719 0.217054 0.054688 0.093023 0.011719 0.006202
0 0.000000 0.119380 0.000000 0.182946 0.001563 0.182946 0.014063 0.206202 0.016406 0.217054 0.022656 0.224806 0.028906 0.244961 0.035156 0.254264 0.036719 0.260465 0.073438 0.334884 0.075781 0.342636 0.089844 0.368992 0.090625 0.373643 0.105469 0.401550 0.107031 0.407752 0.110937 0.412403 0.120313 0.431008 0.121875 0.438760 0.125781 0.443411 0.135937 0.463566 0.137500 0.469767 0.141406 0.474419 0.151562 0.494574 0.152344 0.500775 0.166406 0.524031 0.167969 0.533333 0.177344 0.542636 0.185938 0.541085 0.186719 0.531783 0.192188 0.525581 0.190625 0.514729 0.168750 0.469767 0.167187 0.463566 0.156250 0.443411 0.153125 0.434109 0.142187 0.413953 0.141406 0.409302 0.138281 0.406202 0.137500 0.401550 0.082812 0.291473 0.061719 0.243411 0.050000 0.221705 0.047656 0.213953 0.021875 0.162791 0.017188 0.150388 0.007031 0.133333 0.002344 0.119380
0 0.477344 0.305426 0.480469 0.306977 0.478906 0.303876
0 0.287500 0.778295 0.283594 0.778295 0.282031 0.781395 0.279687 0.793798 0.280469 0.796899 0.283594 0.798450 0.287500 0.786047
0 0.211719 0.531783 0.207813 0.545736 0.209375 0.555039 0.279687 0.700775 0.290625 0.727132 0.299219 0.736434 0.306250 0.733333 0.319531 0.716279 0.322656 0.703876 0.321875 0.685271 0.314063 0.672868 0.314063 0.669767 0.298438 0.638760 0.240625 0.514729 0.234375 0.508527 0.228906 0.508527 0.221094 0.514729
0 0.246875 0.871318 0.249219 0.875969 0.252344 0.877519 0.256250 0.872868 0.256250 0.868217 0.250781 0.866667
0 0.268750 0.838760 0.265625 0.838760 0.264844 0.843411 0.267969 0.843411
0 0.314063 0.672868 0.313281 0.679070 0.314063 0.682171 0.315625 0.682171 0.316406 0.677519
0 0.180469 0.586047 0.177344 0.592248 0.178125 0.601550 0.223438 0.693023 0.228125 0.705426 0.264844 0.779845 0.265625 0.784496 0.275781 0.804651 0.279687 0.804651 0.283594 0.800000 0.287500 0.787597 0.293750 0.758140 0.294531 0.747287 0.292969 0.736434 0.289844 0.727132 0.282813 0.714729 0.282813 0.711628 0.235937 0.615504 0.231250 0.603101 0.207031 0.556589 0.200781 0.558140 0.190625 0.575194
0 0.282813 0.762791 0.282813 0.773643 0.281250 0.779845 0.282031 0.789147 0.283594 0.792248 0.286719 0.787597 0.287500 0.770543 0.285938 0.765891
0 0.286719 0.742636 0.285156 0.750388 0.287500 0.753488 0.288281 0.761240 0.291406 0.762791 0.292969 0.756589 0.292969 0.744186 0.291406 0.741085
0 0.289062 0.731783 0.291406 0.734884 0.291406 0.731783
0 0.131250 0.620155 0.129688 0.623256 0.129688 0.632558 0.164844 0.703876 0.193750 0.767442 0.197656 0.772093 0.201563 0.764341 0.206250 0.762791 0.212500 0.770543 0.212500 0.781395 0.209375 0.787597 0.210156 0.803101 0.212500 0.807752 0.217188 0.810853 0.217969 0.817054 0.225000 0.829457 0.228125 0.838760 0.232813 0.843411 0.233594 0.849612 0.241406 0.863566 0.243750 0.871318 0.247656 0.869767 0.251563 0.877519 0.256250 0.872868 0.264062 0.851163 0.269531 0.840310 0.275781 0.810853 0.275000 0.806202 0.267188 0.793798 0.267188 0.789147 0.260156 0.772093 0.257812 0.770543 0.196875 0.640310 0.173437 0.596899 0.153906 0.600000 0.150000 0.606202 0.142187 0.607752 0.138281 0.615504
0 0.267969 0.796899 0.267188 0.804651 0.269531 0.809302 0.270313 0.818605 0.265625 0.826357 0.264062 0.840310 0.265625 0.843411 0.267969 0.843411 0.271875 0.832558 0.272656 0.817054 0.274219 0.812403 0.272656 0.803101
0 0.088281 0.638760 0.090625 0.649612 0.096875 0.665116 0.127344 0.727132 0.141406 0.761240 0.170313 0.817054 0.171094 0.821705 0.181250 0.841860 0.186719 0.848062 0.192969 0.863566 0.194531 0.863566 0.203906 0.880620 0.210156 0.897674 0.217188 0.908527 0.219531 0.917829 0.226562 0.924031 0.229687 0.924031 0.239844 0.911628 0.242188 0.903876 0.243750 0.875969 0.242188 0.869767 0.210156 0.803101 0.203125 0.803101 0.200781 0.809302 0.196094 0.809302 0.193750 0.813953 0.190625 0.812403 0.185156 0.803101 0.186719 0.795349 0.194531 0.781395 0.195312 0.770543 0.132812 0.641860 0.123438 0.627907 0.111719 0.623256 0.096875 0.627907 0.092188 0.631008
0 0.000000 0.322481 0.000000 0.372093 0.002344 0.373643 0.014063 0.403101 0.021094 0.413953 0.042188 0.460465 0.070312 0.514729 0.084375 0.547287 0.104688 0.587597 0.110937 0.595349 0.114844 0.595349 0.117969 0.600000 0.128125 0.600000 0.131250 0.595349 0.135937 0.595349 0.143750 0.587597 0.144531 0.576744 0.135156 0.553488 0.107031 0.500775 0.101562 0.485271 0.091406 0.468217 0.063281 0.406202 0.058594 0.400000 0.049219 0.381395 0.047656 0.375194 0.014844 0.313178 0.014063 0.308527 0.006250 0.310078 0.002344 0.320930
0 0.000000 0.378295 0.000000 0.462016 0.001563 0.462016 0.009375 0.477519 0.015625 0.494574 0.055469 0.575194 0.062500 0.596899 0.068750 0.603101 0.072656 0.610853 0.078125 0.613953 0.085156 0.612403 0.089063 0.617054 0.092969 0.617054 0.101562 0.609302 0.103906 0.596899 0.103125 0.586047 0.035937 0.449612 0.028125 0.431008 0.008594 0.393798 0.002344 0.378295
0 0.000000 0.482171 0.000000 0.668217 0.029687 0.655814 0.043750 0.652713 0.067187 0.637209 0.069531 0.632558 0.069531 0.629457 0.061719 0.607752 0.002344 0.482171
0 0.004687 0.694574 0.003906 0.710078 0.014063 0.725581 0.039844 0.782946 0.094531 0.896124 0.102344 0.916279 0.118750 0.948837 0.122656 0.953488 0.125000 0.961240 0.135156 0.981395 0.139844 0.987597 0.141406 1.000000 0.239844 1.000000 0.239844 0.995349 0.233594 0.982946 0.232813 0.973643 0.229687 0.964341 0.226562 0.961240 0.225000 0.956589 0.221875 0.961240 0.219531 0.958140 0.220312 0.947287 0.217969 0.936434 0.195312 0.889922 0.195312 0.886822 0.188281 0.877519 0.185938 0.869767 0.180469 0.860465 0.179688 0.855814 0.165625 0.827907 0.164062 0.821705 0.096875 0.679070 0.079687 0.649612 0.075781 0.648062 0.057813 0.660465 0.030469 0.671318 0.014063 0.680620 0.007031 0.688372
0 0.220312 0.947287 0.220312 0.959690 0.225000 0.958140 0.225000 0.955039
0 0.000000 0.947287 0.000000 0.950388 0.002344 0.950388 0.002344 0.947287
0 0.000000 0.713178 0.000000 0.919380 0.001563 0.919380 0.017969 0.951938 0.035937 0.953488 0.035937 0.981395 0.037500 0.982946 0.098437 0.982946 0.100781 0.990698 0.104688 0.996899 0.104688 1.000000 0.137500 1.000000 0.137500 0.995349 0.117969 0.953488 0.111719 0.944186 0.101562 0.920930 0.087500 0.894574 0.086719 0.889922 0.072656 0.863566 0.071875 0.858915 0.059375 0.837209 0.056250 0.826357 0.035937 0.784496 0.028125 0.762791 0.016406 0.741085 0.014844 0.734884 0.005469 0.716279
1 0.720313 0.244961 0.721094 0.255814 0.721875 0.249612
1 0.407031 0.000000 0.407031 0.004651 0.409375 0.009302 0.409375 0.012403 0.426563 0.051163 0.437500 0.069767 0.449219 0.097674 0.471875 0.139535 0.485938 0.175194 0.504687 0.206202 0.521094 0.249612 0.525781 0.254264 0.529687 0.263566 0.532813 0.266667 0.540625 0.266667 0.546094 0.275969 0.553906 0.296124 0.557031 0.300775 0.559375 0.314729 0.565625 0.325581 0.569531 0.328682 0.572656 0.336434 0.572656 0.351938 0.575781 0.358140 0.580469 0.359690 0.587500 0.375194 0.598437 0.392248 0.601562 0.403101 0.607812 0.413953 0.613281 0.435659 0.622656 0.435659 0.637500 0.415504 0.640625 0.398450 0.633594 0.381395 0.617969 0.351938 0.614062 0.341085 0.595313 0.303876 0.592187 0.294574 0.579688 0.271318 0.525000 0.155039 0.517188 0.142636 0.513281 0.131783 0.500000 0.106977 0.496875 0.097674 0.453906 0.012403 0.452344 0.006202 0.449219 0.004651 0.448437 0.000000
1 0.000000 0.193798 0.000000 0.252713 0.003125 0.254264 0.007031 0.260465 0.010937 0.260465 0.018750 0.251163 0.021875 0.251163 0.024219 0.257364 0.021875 0.269767 0.016406 0.279070 0.010937 0.296124 0.013281 0.306977 0.067187 0.413953 0.107031 0.499225 0.150781 0.584496 0.158594 0.586047 0.171875 0.578295 0.173437 0.573643 0.173437 0.556589 0.164062 0.531783 0.124219 0.449612 0.119531 0.437209 0.114062 0.427907 0.112500 0.421705 0.060156 0.314729 0.042969 0.275969 0.029687 0.249612 0.025781 0.248062 0.011719 0.212403 0.002344 0.193798
1 0.245312 0.491473 0.244531 0.500775 0.248438 0.513178 0.269531 0.556589 0.304688 0.637209 0.322656 0.671318 0.323437 0.675969 0.326562 0.679070 0.328125 0.685271 0.329688 0.685271 0.335938 0.697674 0.341406 0.697674 0.346094 0.694574 0.367188 0.671318 0.368750 0.665116 0.368750 0.657364 0.366406 0.646512 0.344531 0.601550 0.339844 0.587597 0.325000 0.559690 0.320312 0.545736 0.298438 0.503876 0.288281 0.480620 0.283594 0.477519 0.280469 0.471318 0.270313 0.469767 0.256250 0.479070 0.247656 0.486822
1 0.300781 0.475969 0.300781 0.486822 0.305469 0.499225 0.364844 0.617054 0.367188 0.624806 0.377344 0.643411 0.388281 0.655814 0.395313 0.668217 0.403125 0.677519 0.405469 0.686822 0.412500 0.699225 0.416406 0.702326 0.421875 0.702326 0.435937 0.694574 0.450781 0.691473 0.453906 0.703876 0.458594 0.705426 0.465625 0.713178 0.475781 0.733333 0.478906 0.733333 0.482031 0.728682 0.488281 0.725581 0.493750 0.717829 0.495312 0.710078 0.495312 0.699225 0.492969 0.688372 0.474219 0.652713 0.460156 0.615504 0.432812 0.559690 0.428906 0.555039 0.421094 0.539535 0.416406 0.524031 0.405469 0.502326 0.396875 0.494574 0.389844 0.493023 0.380469 0.486822 0.375000 0.486822 0.354687 0.479070 0.323437 0.472868 0.304688 0.472868
1 0.278906 0.435659 0.279687 0.441860 0.280469 0.437209
1 0.278906 0.320930 0.279687 0.339535 0.303906 0.393798 0.323437 0.432558 0.332031 0.454264 0.341406 0.460465 0.353906 0.460465 0.356250 0.463566 0.366406 0.465116 0.367969 0.468217 0.373437 0.468217 0.384375 0.474419 0.389062 0.471318 0.383594 0.451163 0.340625 0.359690 0.303906 0.286822 0.297656 0.285271 0.294531 0.288372 0.289844 0.300775
1 0.376563 0.441860 0.376563 0.454264 0.381250 0.465116 0.383594 0.460465 0.381250 0.449612
1 0.254688 0.367442 0.252344 0.381395 0.253125 0.392248 0.275000 0.435659 0.278906 0.448062 0.284375 0.452713 0.300000 0.454264 0.304688 0.457364 0.327344 0.457364 0.329688 0.454264 0.328906 0.444961 0.276562 0.341085 0.271094 0.339535
1 0.301563 0.155039 0.294531 0.176744 0.289062 0.187597 0.286719 0.189147 0.285156 0.200000 0.289844 0.221705 0.300781 0.237209 0.300781 0.244961 0.303125 0.258915 0.303125 0.279070 0.350000 0.378295 0.361719 0.400000 0.362500 0.404651 0.392969 0.469767 0.392969 0.477519 0.401562 0.485271 0.414062 0.485271 0.420312 0.479070 0.425781 0.477519 0.433594 0.471318 0.450000 0.471318 0.450781 0.468217 0.448437 0.460465 0.425000 0.403101 0.414062 0.382946 0.359375 0.265116 0.309375 0.164341 0.303125 0.155039
1 0.456250 0.000000 0.457813 0.012403 0.541406 0.186047 0.545312 0.190698 0.546094 0.195349 0.576562 0.255814 0.577344 0.260465 0.596875 0.299225 0.600781 0.310078 0.617188 0.342636 0.620313 0.344186 0.630469 0.364341 0.632031 0.373643 0.641406 0.390698 0.646094 0.403101 0.650781 0.401550 0.662500 0.387597 0.678125 0.355039 0.688281 0.337984 0.703125 0.306977 0.721094 0.257364 0.721875 0.246512 0.718750 0.231008 0.706250 0.206202 0.679688 0.142636 0.649219 0.080620 0.626563 0.077519 0.623437 0.072868 0.622656 0.065116 0.619531 0.065116 0.614062 0.058915 0.613281 0.051163 0.615625 0.046512 0.619531 0.048062 0.620313 0.041860 0.617969 0.034109 0.616406 0.034109 0.613281 0.027907 0.612500 0.010853 0.606250 0.004651 0.605469 0.000000
1 0.243750 0.000000 0.245312 0.020155 0.251563 0.027907 0.259375 0.044961 0.264844 0.051163 0.267188 0.066667 0.271875 0.079070 0.275000 0.082171 0.282031 0.075969 0.295312 0.049612 0.298438 0.046512 0.305469 0.032558 0.306250 0.027907 0.303906 0.020155 0.292187 0.004651 0.291406 0.000000
0 0.414062 0.995349 0.402344 0.973643 0.364844 0.891473 0.360156 0.889922 0.354687 0.894574 0.348438 0.905426 0.341406 0.911628 0.329688 0.928682 0.324219 0.933333 0.316406 0.947287 0.306250 0.956589 0.299219 0.968992 0.293750 0.972093 0.292187 0.976744 0.287500 0.979845 0.284375 0.986047 0.275000 0.995349 0.275000 1.000000 0.414062 1.000000
0 0.653906 0.075969 0.654687 0.082171 0.708594 0.192248 0.717187 0.192248 0.747656 0.155039 0.754687 0.153488 0.760156 0.159690 0.767969 0.175194 0.772656 0.196899 0.774219 0.200000 0.780469 0.203101 0.782813 0.207752 0.785937 0.221705 0.790625 0.226357 0.801562 0.248062 0.804688 0.251163 0.810156 0.266667 0.814063 0.271318 0.823438 0.269767 0.825781 0.266667 0.841406 0.263566 0.850000 0.275969 0.859375 0.294574 0.865625 0.316279 0.865625 0.322481 0.867188 0.327132 0.874219 0.330233 0.879687 0.337984 0.885938 0.337984 0.890625 0.330233 0.896094 0.302326 0.897656 0.299225 0.903906 0.251163 0.914062 0.209302 0.918750 0.173643 0.923438 0.155039 0.927344 0.127132 0.930469 0.114729 0.934375 0.083721 0.939844 0.060465 0.942969 0.035659 0.945312 0.027907 0.944531 0.010853 0.939063 0.004651 0.938281 0.000000 0.666406 0.000000 0.666406 0.003101 0.662500 0.009302 0.664062 0.026357 0.661719 0.034109 0.657813 0.034109 0.656250 0.041860 0.657031 0.044961 0.662500 0.049612 0.663281 0.058915 0.660937 0.065116 0.654687 0.068217
0 0.626563 0.000000 0.626563 0.012403 0.628125 0.012403 0.628125 0.000000
0 0.000000 0.009302 0.000000 0.013953 0.003125 0.015504 0.017188 0.013953 0.025781 0.031008 0.029687 0.035659 0.030469 0.041860 0.041406 0.063566 0.045312 0.068217 0.046875 0.074419 0.082812 0.148837 0.083594 0.153488 0.120313 0.227907 0.134375 0.263566 0.138281 0.283721 0.143750 0.299225 0.194531 0.401550 0.224219 0.466667 0.232031 0.471318 0.235156 0.468217 0.240625 0.468217 0.261719 0.452713 0.266406 0.446512 0.265625 0.437209 0.256250 0.415504 0.244531 0.393798 0.232813 0.365891 0.221875 0.347287 0.220312 0.341085 0.200000 0.296124 0.178125 0.255814 0.157812 0.210853 0.142187 0.181395 0.141406 0.176744 0.126562 0.147287 0.125781 0.142636 0.110937 0.116279 0.108594 0.106977 0.095312 0.083721 0.082812 0.048062 0.062500 0.007752 0.059375 0.004651 0.055469 0.004651 0.054688 0.000000 0.051562 0.000000 0.050781 0.004651 0.046094 0.004651 0.044531 0.000000 0.043750 0.004651 0.019531 0.004651 0.014844 0.009302 0.010156 0.006202
0 0.436719 0.491473 0.435937 0.508527 0.439844 0.524031 0.446875 0.541085 0.450781 0.544186 0.466406 0.572093 0.471094 0.576744 0.478906 0.601550 0.483594 0.606202 0.497656 0.632558 0.505469 0.643411 0.510156 0.643411 0.516406 0.637209 0.521094 0.638760 0.523438 0.651163 0.528906 0.666667 0.528906 0.677519 0.522656 0.693023 0.520312 0.725581 0.533594 0.748837 0.536719 0.759690 0.539844 0.764341 0.539844 0.772093 0.537500 0.781395 0.529687 0.793798 0.528906 0.798450 0.524219 0.807752 0.519531 0.810853 0.509375 0.837209 0.504687 0.840310 0.502344 0.860465 0.503125 0.865116 0.517969 0.888372 0.518750 0.894574 0.525781 0.911628 0.530469 0.916279 0.534375 0.927132 0.536719 0.928682 0.548438 0.950388 0.549219 0.956589 0.555469 0.968992 0.556250 0.973643 0.562500 0.981395 0.564844 0.990698 0.571094 0.995349 0.576562 0.995349 0.577344 1.000000 0.607031 1.000000 0.607812 0.995349 0.614062 0.995349 0.614844 1.000000 0.765625 1.000000 0.766406 0.995349 0.772656 0.989147 0.775781 0.968992 0.775781 0.955039 0.771875 0.925581 0.771875 0.916279 0.768750 0.905426 0.766406 0.888372 0.766406 0.872868 0.767969 0.866667 0.771875 0.860465 0.771875 0.857364 0.779687 0.844961 0.780469 0.838760 0.783594 0.832558 0.785156 0.826357 0.783594 0.817054 0.778906 0.806202 0.775000 0.801550 0.771875 0.792248 0.765625 0.782946 0.764062 0.776744 0.758594 0.768992 0.756250 0.761240 0.753906 0.759690 0.742188 0.736434 0.741406 0.731783 0.718750 0.686822 0.717187 0.680620 0.709375 0.665116 0.706250 0.662016 0.704688 0.655814 0.687500 0.623256 0.685156 0.615504 0.632031 0.508527 0.623437 0.486822 0.610938 0.477519 0.610156 0.483721 0.604688 0.493023 0.595313 0.499225 0.593750 0.503876 0.588281 0.505426 0.587500 0.510078 0.595313 0.513178 0.591406 0.522481 0.592969 0.527132 0.592969 0.534884 0.591406 0.537984 0.584375 0.531783 0.582812 0.522481 0.578125 0.513178 0.568750 0.502326 0.495312 0.502326 0.489063 0.499225 0.482031 0.500775 0.475781 0.496124 0.461719 0.494574 0.459375 0.491473 0.446875 0.491473 0.443750 0.488372 0.439063 0.488372
0 0.394531 0.320930 0.403906 0.341085 0.409375 0.347287 0.411719 0.356589 0.417969 0.365891 0.419531 0.373643 0.423438 0.376744 0.425781 0.384496 0.433594 0.396899 0.435156 0.409302 0.439063 0.412403 0.442188 0.423256 0.448437 0.431008 0.449219 0.437209 0.466406 0.477519 0.477344 0.483721 0.552344 0.483721 0.559375 0.477519 0.560156 0.468217 0.553125 0.452713 0.543750 0.437209 0.526563 0.398450 0.513281 0.373643 0.511719 0.367442 0.498437 0.341085 0.496094 0.333333 0.488281 0.319380 0.486719 0.313178 0.460938 0.262016 0.451562 0.238760 0.444531 0.227907 0.439063 0.232558 0.422656 0.262016 0.397656 0.311628
0 0.345313 0.024806 0.345313 0.027907 0.346875 0.027907
0 0.452344 0.212403 0.455469 0.215504 0.458594 0.227907 0.466406 0.240310 0.467187 0.244961 0.482031 0.274419 0.482031 0.277519 0.488281 0.286822 0.489063 0.291473 0.496875 0.305426 0.497656 0.310078 0.502344 0.316279 0.511719 0.334884 0.513281 0.341085 0.518750 0.348837 0.521094 0.356589 0.528125 0.368992 0.528906 0.373643 0.532031 0.376744 0.543750 0.401550 0.544531 0.406202 0.559375 0.434109 0.560156 0.438760 0.567187 0.454264 0.567969 0.462016 0.575781 0.479070 0.580469 0.480620 0.586719 0.477519 0.590625 0.471318 0.596875 0.466667 0.607031 0.446512 0.606250 0.435659 0.601562 0.424806 0.599219 0.423256 0.600000 0.418605 0.603906 0.418605 0.603906 0.412403 0.601562 0.410853 0.600000 0.406202 0.592187 0.412403 0.589844 0.404651 0.589844 0.398450 0.586719 0.392248 0.589844 0.382946 0.588281 0.379845 0.584375 0.382946 0.579688 0.378295 0.575000 0.365891 0.574219 0.359690 0.563281 0.344186 0.557813 0.328682 0.557031 0.322481 0.552344 0.317829 0.550000 0.313178 0.550000 0.308527 0.542969 0.297674 0.542969 0.294574 0.535937 0.283721 0.535156 0.279070 0.525000 0.258915 0.518750 0.252713 0.516406 0.243411 0.513281 0.240310 0.508594 0.227907 0.485938 0.186047 0.483594 0.178295 0.474219 0.170543 0.456250 0.204651 0.453906 0.212403
0 0.329688 0.000000 0.328906 0.004651 0.325000 0.009302 0.306250 0.043411 0.292187 0.072868 0.286719 0.080620 0.285938 0.086822 0.284375 0.088372 0.283594 0.097674 0.307812 0.133333 0.324219 0.165891 0.332031 0.189147 0.345313 0.215504 0.351562 0.234109 0.387500 0.303876 0.391406 0.303876 0.435937 0.221705 0.436719 0.212403 0.338281 0.004651 0.335938 0.004651 0.335156 0.000000
