0 0.328906 0.437888 0.331250 0.439441 0.331250 0.436335
0 0.032031 0.979814 0.032813 0.982919 0.034375 0.981366
0 0.290625 0.916149 0.290625 0.919255 0.292187 0.919255
0 0.294531 0.908385 0.293750 0.913043 0.295312 0.914596
0 0.289844 0.902174 0.291406 0.906832 0.292187 0.902174
0 0.275000 0.729814 0.274219 0.734472 0.276562 0.734472 0.277344 0.731366
0 0.282031 0.683230 0.281250 0.697205 0.283594 0.703416 0.287500 0.697205 0.287500 0.690994 0.285156 0.687888 0.284375 0.683230
0 0.298438 0.498447 0.298438 0.501553 0.300000 0.501553
1 0.956250 0.987578 0.917969 0.908385 0.916406 0.902174 0.902344 0.874224 0.900781 0.868012 0.897656 0.864907 0.886719 0.843168 0.869531 0.802795 0.796094 0.655280 0.764844 0.583851 0.755469 0.568323 0.749219 0.554348 0.743750 0.549689 0.732031 0.566770 0.721875 0.588509 0.717187 0.594720 0.707031 0.614907 0.703906 0.624224 0.700781 0.625776 0.657813 0.711180 0.653906 0.715839 0.641406 0.742236 0.578125 0.861801 0.563281 0.892857 0.542969 0.928571 0.512500 0.989130 0.514844 0.995342 0.517188 0.995342 0.517969 1.000000 0.537500 1.000000 0.538281 0.995342 0.582812 0.995342 0.583594 1.000000 0.617188 1.000000 0.617969 0.995342 0.700781 0.993789 0.879687 0.995342 0.880469 1.000000 0.882812 1.000000 0.884375 0.995342 0.885156 1.000000 0.890625 1.000000 0.891406 0.995342 0.894531 0.995342 0.895312 1.000000 0.906250 1.000000 0.907031 0.995342 0.910937 0.995342 0.911719 1.000000 0.913281 0.995342 0.926562 0.995342 0.927344 1.000000 0.939063 1.000000 0.939844 0.995342 0.942969 0.995342 0.943750 1.000000 0.952344 1.000000 0.952344 0.996894 0.956250 0.992236
0 0.360156 0.375776 0.360938 0.378882 0.363281 0.377329 0.363281 0.374224
0 0.200781 0.377329 0.200000 0.388199 0.201563 0.391304
0 0.345313 0.403727 0.344531 0.409938 0.346875 0.409938 0.347656 0.405280
0 0.278125 0.661491 0.278125 0.664596 0.279687 0.666149 0.279687 0.661491
0 0.262500 0.628882 0.261719 0.631988 0.264062 0.633540 0.264844 0.630435
1 0.124219 0.012422 0.150781 0.100932 0.162500 0.153727 0.165625 0.184783 0.174219 0.228261 0.185938 0.298137 0.189062 0.327640 0.193750 0.350932 0.196094 0.386646 0.200781 0.416149 0.202344 0.437888 0.207031 0.464286 0.226562 0.541925 0.241406 0.594720 0.247656 0.602484 0.256250 0.602484 0.260156 0.605590 0.265625 0.594720 0.267188 0.572981 0.271094 0.563665 0.405469 0.304348 0.554688 0.021739 0.562500 0.004658 0.562500 0.000000 0.127344 0.000000
0 0.266406 0.560559 0.266406 0.563665 0.267969 0.565217 0.268750 0.560559
0 0.289844 0.562112 0.292187 0.563665 0.291406 0.560559
0 0.282031 0.529503 0.282031 0.532609 0.284375 0.532609 0.284375 0.529503
0 0.282813 0.560559 0.282813 0.565217 0.285938 0.563665 0.285156 0.560559
0 0.375781 0.344720 0.376563 0.347826 0.380469 0.346273 0.379688 0.343168
0 0.000000 0.000000 0.000000 0.959627 0.037500 0.959627 0.039844 0.964286 0.039844 0.978261 0.044531 0.989130 0.048438 0.986025 0.057031 0.986025 0.059375 0.989130 0.067969 0.990683 0.098437 0.989130 0.103906 0.990683 0.106250 0.993789 0.236719 0.995342 0.242969 0.992236 0.249219 0.993789 0.273438 0.989130 0.287500 0.990683 0.298438 0.970497 0.300000 0.970497 0.301563 0.975155 0.303906 0.975155 0.307031 0.968944 0.309375 0.975155 0.312500 0.975155 0.313281 0.965839 0.304688 0.964286 0.303125 0.959627 0.297656 0.958075 0.299219 0.948758 0.296875 0.945652 0.296094 0.939441 0.292969 0.931677 0.288281 0.930124 0.286719 0.927019 0.285156 0.916149 0.282813 0.911491 0.282813 0.883540 0.281250 0.871118 0.283594 0.864907 0.287500 0.863354 0.283594 0.861801 0.283594 0.855590 0.278906 0.841615 0.280469 0.815217 0.278906 0.810559 0.278125 0.785714 0.275000 0.773292 0.275781 0.762422 0.269531 0.750000 0.271875 0.739130 0.270313 0.726708 0.267188 0.715839 0.265625 0.692547 0.263281 0.686335 0.264062 0.675466 0.262500 0.670807 0.262500 0.664596 0.258594 0.647516 0.258594 0.627329 0.256250 0.618012 0.257031 0.608696 0.250781 0.607143 0.247656 0.611801 0.242188 0.602484 0.241406 0.593168 0.235937 0.580745 0.233594 0.563665 0.228125 0.552795 0.224219 0.531056 0.220312 0.521739 0.217188 0.501553 0.211719 0.492236 0.208594 0.470497 0.204687 0.461180 0.203125 0.437888 0.200000 0.430124 0.202344 0.405280 0.196875 0.405280 0.195312 0.386646 0.196094 0.374224 0.193750 0.369565 0.194531 0.360248 0.190625 0.352484 0.190625 0.343168 0.187500 0.329193 0.187500 0.310559 0.185938 0.299689 0.186719 0.281056 0.185938 0.277950 0.182031 0.282609 0.179688 0.274845 0.179688 0.267081 0.176563 0.259317 0.177344 0.251553 0.173437 0.242236 0.172656 0.220497 0.168750 0.209627 0.171094 0.187888 0.168750 0.186335 0.167187 0.189441 0.167187 0.195652 0.165625 0.195652 0.165625 0.189441 0.163281 0.181677 0.164062 0.173913 0.161719 0.166149 0.162500 0.158385 0.157812 0.147516 0.157031 0.127329 0.150000 0.114907 0.149219 0.097826 0.142969 0.088509 0.140625 0.065217 0.133594 0.055901 0.133594 0.049689 0.131250 0.041925 0.131250 0.034161 0.125781 0.026398 0.123438 0.009317 0.119531 0.007764 0.117188 0.003106 0.117188 0.000000
0 0.288281 0.569876 0.286719 0.569876 0.285156 0.579193 0.287500 0.579193
0 1.000000 0.031056 0.994531 0.027950 0.985938 0.031056 0.983594 0.040373 0.983594 0.057453 0.978906 0.062112 0.970313 0.062112 0.967969 0.069876 0.967969 0.088509 0.966406 0.091615 0.954688 0.093168 0.950000 0.104037 0.950000 0.107143 0.946875 0.110248 0.944531 0.118012 0.939844 0.122671 0.935937 0.122671 0.925000 0.105590 0.924219 0.096273 0.920312 0.088509 0.925781 0.082298 0.924219 0.076087 0.919531 0.080745 0.907813 0.080745 0.907031 0.072981 0.908594 0.057453 0.907031 0.057453 0.904687 0.052795 0.904687 0.049689 0.900000 0.046584 0.896875 0.034161 0.893750 0.031056 0.889062 0.004658 0.882031 0.004658 0.881250 0.000000 0.879687 0.004658 0.877344 0.006211 0.875000 0.003106 0.875000 0.000000 0.867969 0.000000 0.867188 0.004658 0.861719 0.004658 0.857812 0.007764 0.852344 0.004658 0.571094 0.004658 0.563281 0.009317 0.350781 0.411491 0.318750 0.478261 0.318750 0.493789 0.315625 0.496894 0.310937 0.510870 0.305469 0.520186 0.303906 0.531056 0.289844 0.552795 0.290625 0.568323 0.294531 0.562112 0.296875 0.568323 0.296875 0.577640 0.292969 0.585404 0.285156 0.593168 0.285938 0.602484 0.284375 0.610248 0.289844 0.613354 0.291406 0.618012 0.283594 0.644410 0.283594 0.656832 0.285156 0.672360 0.288281 0.678571 0.291406 0.690994 0.291406 0.711180 0.289844 0.726708 0.295312 0.748447 0.293750 0.756211 0.293750 0.768634 0.295312 0.779503 0.297656 0.785714 0.303125 0.787267 0.301563 0.810559 0.298438 0.816770 0.298438 0.819876 0.300781 0.827640 0.300781 0.841615 0.307031 0.855590 0.307812 0.866460 0.311719 0.877329 0.311719 0.889752 0.314063 0.906832 0.314063 0.916149 0.311719 0.930124 0.312500 0.951863 0.314844 0.959627 0.317969 0.962733 0.321875 0.961180 0.324219 0.964286 0.317969 0.979814 0.316406 0.989130 0.331250 0.993789 0.493750 0.993789 0.507812 0.990683 0.512500 0.984472 0.541406 0.925466 0.544531 0.922360 0.565625 0.883540 0.578906 0.855590 0.582031 0.852484 0.595313 0.824534 0.598437 0.821429 0.603906 0.807453 0.613281 0.791925 0.627344 0.762422 0.631250 0.757764 0.635156 0.746894 0.649219 0.722050 0.650781 0.715839 0.661719 0.698758 0.665625 0.687888 0.689844 0.638199 0.695312 0.630435 0.701562 0.614907 0.708594 0.605590 0.734375 0.555901 0.740625 0.546584 0.748437 0.538820 0.750781 0.538820 0.751563 0.548137 0.756250 0.549689 0.757812 0.562112 0.779687 0.608696 0.781250 0.616460 0.787500 0.624224 0.789844 0.635093 0.819531 0.692547 0.821094 0.698758 0.835156 0.725155 0.835938 0.729814 0.880469 0.818323 0.882812 0.827640 0.907031 0.875776 0.909375 0.883540 0.917188 0.899068 0.921094 0.903727 0.921875 0.908385 0.928906 0.920807 0.929688 0.925466 0.935937 0.936335 0.937500 0.942547 0.960938 0.989130 0.965625 0.993789 1.000000 0.993789
