0 0.725781 0.862442 0.699219 0.846986 0.692969 0.846986 0.691406 0.850077 0.683594 0.893354 0.682813 0.904173 0.680469 0.911901 0.671875 0.962906 0.668750 0.973725 0.664844 1.000000 0.707812 1.000000 0.708594 0.986090 0.715625 0.941267 0.728125 0.873261 0.727344 0.865533
1 0.000000 0.445131 0.000000 0.868624 0.006250 0.870170 0.017188 0.854714 0.022656 0.831530 0.027344 0.805255 0.031250 0.772798 0.037500 0.741886 0.041406 0.706337 0.049219 0.664606 0.054688 0.619784 0.060156 0.591963 0.061719 0.567233 0.056250 0.556414 0.054688 0.548686 0.032813 0.506955 0.031250 0.500773 0.017188 0.474498 0.013281 0.463679 0.010156 0.460587 0.003906 0.446677
0 0.165625 0.995363 0.165625 1.000000 0.192188 1.000000 0.192188 0.995363
0 0.459375 0.210201 0.454688 0.213292 0.439063 0.213292 0.436719 0.210201 0.425781 0.213292 0.387500 0.216383 0.382812 0.219474 0.380469 0.224111 0.371875 0.273570 0.367969 0.287481 0.361719 0.329212 0.359375 0.336940 0.353906 0.375580 0.348438 0.401855 0.346875 0.417311 0.342187 0.438949 0.322656 0.561051 0.317188 0.585781 0.317188 0.591963 0.300781 0.681607 0.296094 0.717156 0.292969 0.729521 0.279687 0.811437 0.275781 0.826893 0.266406 0.890263 0.260156 0.918083 0.258594 0.933539 0.250781 0.976816 0.248438 1.000000 0.328906 1.000000 0.329688 0.990726 0.333594 0.975270 0.339844 0.938176 0.341406 0.922720 0.350000 0.879444 0.353906 0.850077 0.365625 0.789799 0.373437 0.738794 0.382812 0.692427 0.389062 0.649150 0.397656 0.604328 0.411719 0.516229 0.419531 0.477589 0.421094 0.462133 0.423438 0.454405 0.433594 0.389490 0.439063 0.363215 0.443750 0.329212 0.446094 0.321484 0.448437 0.301391 0.461719 0.230294 0.461719 0.219474
0 0.500000 0.000000 0.497656 0.009274 0.494531 0.035549 0.492188 0.041731 0.490625 0.066461 0.487500 0.080371 0.485938 0.098918 0.475781 0.146832 0.476562 0.159196 0.488281 0.160742 0.496875 0.157651 0.503125 0.159196 0.529687 0.154560 0.549219 0.154560 0.555469 0.151468 0.565625 0.151468 0.567187 0.146832 0.569531 0.146832 0.571094 0.151468 0.573438 0.151468 0.576562 0.146832 0.576562 0.136012 0.567187 0.132921 0.564844 0.128284 0.564844 0.120556 0.567969 0.103555 0.572656 0.098918 0.575000 0.089645 0.575781 0.075734 0.578906 0.058733 0.579688 0.035549 0.583594 0.012365 0.584375 0.000000
0 0.666406 0.000000 0.628906 0.000000 0.626563 0.018547 0.620313 0.049459 0.621875 0.063369 0.623437 0.066461 0.622656 0.074189 0.625000 0.085008 0.628906 0.094281 0.632812 0.095827 0.639062 0.106646 0.642969 0.108192 0.644531 0.105100 0.653906 0.061824 0.653906 0.054096 0.657813 0.044822 0.665625 0.013910
0 0.589844 0.000000 0.585156 0.032457 0.586719 0.044822 0.596875 0.047913 0.607031 0.055641 0.619531 0.052550 0.621875 0.035549 0.626563 0.015456 0.628125 0.000000
0 0.439844 0.026275 0.434375 0.026275 0.432031 0.032457 0.421094 0.097372 0.420312 0.108192 0.413281 0.145286 0.413281 0.168470 0.424219 0.166924 0.427344 0.142195 0.428906 0.137558 0.428906 0.131376 0.434375 0.106646 0.437500 0.080371 0.445312 0.035549 0.442969 0.029366
0 0.428125 0.020093 0.423438 0.018547 0.419531 0.035549 0.409375 0.102009 0.405469 0.119011 0.400000 0.157651 0.400000 0.166924 0.408594 0.165379 0.410156 0.160742 0.415625 0.122102 0.422656 0.085008 0.423438 0.072643 0.428906 0.044822 0.430469 0.026275
0 0.332813 0.000000 0.323437 0.055641 0.322656 0.066461 0.326562 0.077280 0.332031 0.077280 0.337500 0.081917 0.353125 0.085008 0.361719 0.078825 0.367969 0.043277 0.368750 0.030912 0.372656 0.013910 0.373437 0.000000
0 0.079687 0.298300 0.077344 0.307573 0.080469 0.310665 0.082812 0.306028
0 0.053906 0.242658 0.054688 0.245750 0.057031 0.245750 0.057031 0.242658
0 0.000000 0.156105 0.000000 0.214838 0.003906 0.217929 0.009375 0.228748 0.009375 0.231839 0.017188 0.244204 0.017969 0.250386 0.024219 0.267388 0.031250 0.281298 0.035156 0.284389 0.036719 0.290572 0.052344 0.319938 0.054688 0.327666 0.060937 0.338485 0.061719 0.343122 0.075000 0.369397 0.075781 0.377125 0.078125 0.378671 0.087500 0.395672 0.092188 0.391036 0.094531 0.380216 0.094531 0.357032 0.088281 0.333849 0.075781 0.312210 0.075781 0.309119 0.063281 0.284389 0.062500 0.275116 0.060156 0.275116 0.053125 0.261206 0.047656 0.245750 0.035937 0.225657 0.032031 0.211747 0.035937 0.208655 0.036719 0.202473 0.032813 0.199382 0.031250 0.205564 0.028906 0.208655 0.025000 0.199382 0.018750 0.196291 0.014063 0.177743 0.009375 0.171561 0.002344 0.156105
0 0.035937 0.000000 0.035937 0.004637 0.042188 0.026275 0.042188 0.035549 0.057813 0.081917 0.072656 0.112828 0.091406 0.137558 0.100000 0.139104 0.103125 0.120556 0.103125 0.112828 0.107813 0.094281 0.113281 0.094281 0.128906 0.100464 0.134375 0.097372 0.136719 0.089645 0.135937 0.072643 0.134375 0.064915 0.132031 0.061824 0.123438 0.038640 0.117188 0.027821 0.115625 0.021638 0.107031 0.006182 0.104688 0.004637 0.103906 0.000000
1 1.000000 0.275116 0.997656 0.275116 0.996094 0.282844 0.995313 0.293663 0.985156 0.346213 0.971875 0.429675 0.962500 0.477589 0.956250 0.520866 0.948438 0.561051 0.944531 0.591963 0.902344 0.833076 0.896875 0.871716 0.892188 0.891808 0.882031 0.952087 0.881250 0.962906 0.876563 0.984544 0.875000 1.000000 1.000000 1.000000
0 0.439063 0.330757 0.438281 0.350850 0.439844 0.353941 0.440625 0.336940
0 0.442188 0.312210 0.442188 0.321484 0.443750 0.326121 0.444531 0.312210
0 0.454688 0.238022 0.453125 0.258114 0.455469 0.264297 0.457031 0.255023 0.457031 0.244204
0 0.373437 0.231839 0.370312 0.239567 0.366406 0.256569 0.366406 0.261206 0.368750 0.264297 0.371094 0.259660 0.371094 0.251932 0.374219 0.245750
1 0.588281 0.202473 0.566406 0.200927 0.561719 0.211747 0.560156 0.227202 0.548438 0.285935 0.514844 0.486862 0.498437 0.576507 0.492188 0.619784 0.481250 0.681607 0.475781 0.701700 0.478125 0.707883 0.496875 0.721793 0.502344 0.721793 0.504687 0.712519 0.524219 0.602782 0.530469 0.557960 0.541406 0.500773 0.560156 0.384853 0.570312 0.332303 0.575000 0.296754 0.586719 0.236476 0.589844 0.213292 0.589844 0.204019
0 0.314844 0.214838 0.311719 0.217929 0.298438 0.219474 0.296094 0.227202 0.295312 0.245750 0.290625 0.248841 0.287500 0.256569 0.287500 0.273570 0.284375 0.279753 0.283594 0.290572 0.280469 0.302937 0.275781 0.335394 0.274219 0.338485 0.269531 0.367852 0.268750 0.383308 0.264062 0.398764 0.263281 0.411128 0.260937 0.417311 0.260156 0.426584 0.253906 0.451314 0.253125 0.460587 0.247656 0.485317 0.246094 0.500773 0.239063 0.534776 0.230469 0.591963 0.225000 0.615147 0.221094 0.646059 0.209375 0.710974 0.209375 0.717156 0.201563 0.760433 0.199219 0.780526 0.194531 0.800618 0.189844 0.836167 0.185938 0.854714 0.184375 0.870170 0.174219 0.930448 0.169531 0.952087 0.164062 0.989181 0.160156 0.995363 0.160156 1.000000 0.248438 1.000000 0.247656 0.987635 0.250000 0.981453 0.250000 0.975270 0.257812 0.935085 0.257812 0.927357 0.262500 0.897991 0.265625 0.888717 0.265625 0.879444 0.271094 0.854714 0.272656 0.834621 0.275781 0.820711 0.280469 0.786708 0.282813 0.778980 0.283594 0.766615 0.286719 0.757342 0.288281 0.738794 0.291406 0.726430 0.292969 0.706337 0.296875 0.689335 0.297656 0.672334 0.301563 0.663060 0.309375 0.610510 0.313281 0.595054 0.314844 0.578053 0.317969 0.570325 0.319531 0.554869 0.323437 0.537867 0.324219 0.522411 0.328906 0.502318 0.330469 0.485317 0.333594 0.477589 0.334375 0.462133 0.337500 0.446677 0.337500 0.438949 0.339844 0.429675 0.340625 0.418856 0.343750 0.408037 0.345313 0.392581 0.347656 0.386399 0.349219 0.367852 0.360938 0.304482 0.360938 0.282844 0.358594 0.276662 0.353906 0.272025 0.327344 0.272025 0.322656 0.268934 0.317969 0.258114 0.317969 0.225657 0.317188 0.219474
0 0.224219 0.295209 0.207813 0.292117 0.203906 0.296754 0.201563 0.306028 0.195312 0.343122 0.192969 0.350850 0.189844 0.375580 0.185156 0.395672 0.182812 0.414219 0.170313 0.477589 0.139844 0.658423 0.138281 0.661515 0.135937 0.684699 0.130469 0.704791 0.128906 0.718702 0.122656 0.746522 0.121094 0.761978 0.113281 0.800618 0.113281 0.806801 0.107813 0.833076 0.102344 0.871716 0.099219 0.882535 0.096875 0.904173 0.092188 0.925811 0.088281 0.956723 0.084375 0.975270 0.084375 0.981453 0.086719 0.984544 0.092188 0.987635 0.099219 0.987635 0.101562 1.000000 0.161719 1.000000 0.161719 0.993818 0.164062 0.986090 0.169531 0.947450 0.180469 0.891808 0.186719 0.845440 0.204687 0.740340 0.205469 0.727975 0.209375 0.712519 0.236719 0.545595 0.239063 0.537867 0.247656 0.482226 0.252344 0.460587 0.257031 0.425039 0.256250 0.417311 0.248438 0.408037 0.246875 0.400309 0.247656 0.389490 0.251563 0.377125 0.251563 0.366306 0.255469 0.346213 0.254688 0.329212 0.247656 0.319938 0.235156 0.315301 0.230469 0.302937
0 0.199219 0.242658 0.170313 0.244204 0.164062 0.234930 0.156250 0.230294 0.137500 0.230294 0.133594 0.231839 0.128906 0.238022 0.125000 0.250386 0.123438 0.273570 0.121094 0.278207 0.117188 0.298300 0.117188 0.312210 0.115625 0.324575 0.113281 0.329212 0.112500 0.336940 0.110156 0.343122 0.107813 0.363215 0.100781 0.389490 0.100000 0.400309 0.096094 0.412674 0.093750 0.432767 0.079687 0.502318 0.078125 0.520866 0.071875 0.548686 0.070312 0.565688 0.063281 0.599691 0.061719 0.618238 0.055469 0.646059 0.053125 0.669243 0.048438 0.686244 0.046875 0.710974 0.041406 0.734158 0.035937 0.771252 0.033594 0.777434 0.031250 0.803709 0.025000 0.828439 0.021094 0.857805 0.017969 0.868624 0.017188 0.887172 0.014063 0.902628 0.014063 0.910355 0.010937 0.918083 0.010937 0.924266 0.007812 0.938176 0.007812 0.950541 0.012500 0.955178 0.028125 0.955178 0.035156 0.958269 0.037500 0.964451 0.038281 0.979907 0.043750 0.987635 0.078125 0.986090 0.082031 0.976816 0.086719 0.950541 0.087500 0.938176 0.092188 0.919629 0.094531 0.897991 0.098437 0.882535 0.103125 0.848532 0.117188 0.771252 0.121875 0.737249 0.127344 0.715611 0.128125 0.704791 0.132812 0.686244 0.144531 0.615147 0.147656 0.604328 0.150781 0.579598 0.160156 0.533230 0.166406 0.486862 0.175000 0.448223 0.181250 0.404946 0.189062 0.360124 0.191406 0.352396 0.192969 0.336940 0.196094 0.324575 0.196875 0.312210 0.200781 0.295209 0.203906 0.268934 0.201563 0.245750
0 0.525000 0.995363 0.525000 1.000000 0.526563 1.000000 0.526563 0.995363
0 0.421875 0.995363 0.421875 1.000000 0.425781 1.000000 0.425781 0.995363
0 0.415625 0.995363 0.415625 1.000000 0.417969 1.000000 0.417969 0.995363
0 0.631250 0.205564 0.627344 0.205564 0.623437 0.200927 0.603125 0.199382 0.593750 0.202473 0.589844 0.211747 0.584375 0.250386 0.582031 0.258114 0.581250 0.267388 0.578906 0.275116 0.578125 0.284389 0.575781 0.292117 0.575781 0.298300 0.571094 0.319938 0.567969 0.346213 0.560156 0.384853 0.560156 0.391036 0.557031 0.401855 0.554688 0.421947 0.552344 0.429675 0.552344 0.438949 0.545312 0.474498 0.544531 0.485317 0.536719 0.522411 0.536719 0.531685 0.531250 0.554869 0.531250 0.561051 0.526563 0.584235 0.526563 0.591963 0.521094 0.616692 0.521094 0.624420 0.518750 0.632148 0.517969 0.641422 0.510938 0.675425 0.507812 0.700155 0.504687 0.712519 0.501563 0.740340 0.496094 0.766615 0.477344 0.885626 0.470313 0.922720 0.467969 0.942813 0.462500 0.969088 0.461719 0.982998 0.460156 0.990726 0.457031 0.995363 0.457031 1.000000 0.499219 1.000000 0.500000 0.987635 0.506250 0.950541 0.507812 0.947450 0.514062 0.910355 0.514062 0.904173 0.519531 0.880989 0.528125 0.825348 0.538281 0.772798 0.540625 0.752705 0.549219 0.712519 0.550000 0.703246 0.553125 0.692427 0.556250 0.666151 0.564063 0.625966 0.565625 0.610510 0.568750 0.601236 0.570312 0.584235 0.576562 0.553323 0.576562 0.547141 0.582031 0.514683 0.584375 0.510046 0.587500 0.482226 0.595313 0.445131 0.597656 0.423493 0.600781 0.414219 0.603125 0.392581 0.608594 0.369397 0.613281 0.335394 0.618750 0.307573 0.618750 0.301391 0.621875 0.290572 0.622656 0.281298 0.624219 0.278207 0.628906 0.250386 0.630469 0.234930 0.632031 0.231839 0.632812 0.217929
0 0.628906 0.205564 0.622656 0.200927 0.594531 0.199382 0.589844 0.204019 0.589844 0.211747 0.586719 0.224111 0.585156 0.244204 0.572656 0.306028 0.567187 0.349304 0.560156 0.381762 0.559375 0.391036 0.556250 0.401855 0.555469 0.414219 0.552344 0.428130 0.552344 0.437403 0.543750 0.476043 0.543750 0.485317 0.539844 0.500773 0.535156 0.537867 0.532813 0.544049 0.530469 0.561051 0.528125 0.568779 0.528125 0.576507 0.521094 0.613601 0.519531 0.632148 0.512500 0.658423 0.504687 0.715611 0.501563 0.723338 0.486719 0.715611 0.478906 0.707883 0.476562 0.703246 0.476562 0.700155 0.478906 0.693972 0.479687 0.684699 0.482812 0.673879 0.483594 0.661515 0.486719 0.650696 0.487500 0.639876 0.490625 0.632148 0.491406 0.616692 0.494531 0.607419 0.496094 0.590417 0.499219 0.578053 0.499219 0.570325 0.501563 0.562597 0.503125 0.547141 0.506250 0.539413 0.507031 0.525502 0.510156 0.516229 0.510938 0.505410 0.517969 0.468315 0.518750 0.455951 0.521875 0.448223 0.522656 0.431221 0.525781 0.423493 0.526563 0.411128 0.529687 0.400309 0.535156 0.360124 0.537500 0.355487 0.543750 0.313756 0.549219 0.289026 0.550781 0.270479 0.557031 0.245750 0.557031 0.238022 0.560937 0.221020 0.561719 0.210201 0.564063 0.205564 0.561719 0.202473 0.552344 0.202473 0.548438 0.207110 0.548438 0.214838 0.543750 0.233385 0.539844 0.264297 0.536719 0.275116 0.535937 0.287481 0.532813 0.299845 0.532813 0.307573 0.528125 0.326121 0.524219 0.358578 0.521094 0.367852 0.521094 0.374034 0.517188 0.391036 0.517188 0.400309 0.513281 0.411128 0.511719 0.429675 0.509375 0.437403 0.507812 0.451314 0.505469 0.457496 0.500781 0.491499 0.497656 0.500773 0.496094 0.520866 0.493750 0.527048 0.491406 0.544049 0.489844 0.547141 0.485156 0.582689 0.482031 0.591963 0.479687 0.615147 0.474219 0.638331 0.469531 0.672334 0.466406 0.681607 0.464844 0.700155 0.458594 0.729521 0.457031 0.748068 0.454688 0.757342 0.452344 0.777434 0.446875 0.802164 0.446875 0.808346 0.442969 0.823802 0.440625 0.845440 0.435156 0.870170 0.425000 0.933539 0.423438 0.936631 0.419531 0.958269 0.418750 0.970634 0.415625 0.982998 0.414844 1.000000 0.499219 1.000000 0.500000 0.987635 0.503125 0.975270 0.503906 0.964451 0.506250 0.956723 0.516406 0.891808 0.518750 0.884080 0.525000 0.840804 0.529687 0.820711 0.540625 0.749614 0.542969 0.743431 0.546094 0.727975 0.546875 0.717156 0.552344 0.693972 0.557031 0.658423 0.560156 0.647604 0.563281 0.621329 0.568750 0.596600 0.571094 0.574961 0.573438 0.562597 0.576562 0.554869 0.578906 0.530139 0.581250 0.516229 0.584375 0.506955 0.586719 0.483771 0.592187 0.463679 0.592187 0.455951 0.596094 0.437403 0.597656 0.421947 0.600000 0.415765 0.602344 0.395672 0.607812 0.374034 0.609375 0.357032 0.611719 0.349304 0.614062 0.330757 0.616406 0.324575 0.618750 0.301391 0.623437 0.282844 0.626563 0.255023 0.632031 0.231839 0.632812 0.219474 0.628906 0.211747
0 0.794531 0.182380 0.788281 0.177743 0.772656 0.179289 0.763281 0.183926 0.732031 0.182380 0.724219 0.183926 0.719531 0.190108 0.717969 0.207110 0.717187 0.244204 0.710938 0.250386 0.707812 0.273570 0.703906 0.284389 0.701562 0.299845 0.701562 0.309119 0.700000 0.313756 0.700000 0.321484 0.697656 0.327666 0.697656 0.336940 0.694531 0.344668 0.693750 0.353941 0.691406 0.361669 0.691406 0.367852 0.685156 0.395672 0.672656 0.474498 0.668750 0.491499 0.663281 0.531685 0.653906 0.578053 0.647656 0.622875 0.643750 0.638331 0.642188 0.653787 0.632031 0.709428 0.632031 0.717156 0.616406 0.803709 0.616406 0.809892 0.614062 0.819165 0.607812 0.863988 0.602344 0.887172 0.596094 0.930448 0.591406 0.948995 0.585156 1.000000 0.663281 1.000000 0.669531 0.952087 0.680469 0.897991 0.685156 0.862442 0.700781 0.774343 0.702344 0.758887 0.708594 0.727975 0.709375 0.717156 0.714844 0.690881 0.721094 0.647604 0.725000 0.632148 0.725000 0.625966 0.730469 0.599691 0.737500 0.553323 0.740625 0.540958 0.743750 0.516229 0.746094 0.508501 0.751563 0.469861 0.758594 0.434312 0.767188 0.375580 0.770312 0.363215 0.775000 0.335394 0.775000 0.329212 0.778125 0.318393 0.787500 0.255023 0.792969 0.233385 0.794531 0.213292 0.796875 0.200927 0.796875 0.191654
0 0.669531 0.000000 0.666406 0.010819 0.662500 0.041731 0.659375 0.052550 0.658594 0.066461 0.650781 0.105100 0.646875 0.146832 0.649219 0.149923 0.672656 0.149923 0.714063 0.146832 0.719531 0.143740 0.736719 0.143740 0.748437 0.074189 0.750781 0.068006 0.750781 0.058733 0.745313 0.054096 0.743750 0.051005 0.743750 0.046368 0.747656 0.026275 0.747656 0.020093 0.754687 0.013910 0.753906 0.000000
0 0.377344 0.000000 0.374219 0.015456 0.371094 0.043277 0.367969 0.057187 0.367188 0.077280 0.367969 0.080371 0.375000 0.083462 0.385937 0.092736 0.400781 0.097372 0.411719 0.043277 0.415625 0.017002 0.416406 0.000000
0 0.760938 0.850077 0.748437 0.845440 0.744531 0.840804 0.738281 0.840804 0.734375 0.863988 0.730469 0.873261 0.730469 0.877898 0.728125 0.884080 0.718750 0.931994 0.711719 0.978362 0.708594 0.990726 0.708594 1.000000 0.743750 1.000000 0.742188 0.989181 0.743750 0.975270 0.751563 0.938176 0.753906 0.919629 0.756250 0.913447 0.764062 0.865533 0.763281 0.854714
0 0.769531 0.000000 0.769531 0.004637 0.771094 0.004637 0.775000 0.012365 0.779687 0.012365 0.782813 0.018547 0.786719 0.018547 0.788281 0.021638 0.784375 0.060278 0.782031 0.064915 0.782031 0.068006 0.787500 0.069552 0.795312 0.077280 0.798438 0.077280 0.801562 0.083462 0.801562 0.097372 0.795312 0.109737 0.797656 0.119011 0.796094 0.126739 0.796094 0.139104 0.794531 0.140649 0.792188 0.136012 0.792969 0.125193 0.791406 0.117465 0.793750 0.111283 0.791406 0.105100 0.789844 0.105100 0.788281 0.119011 0.786719 0.120556 0.786719 0.128284 0.782813 0.136012 0.782813 0.143740 0.787500 0.146832 0.812500 0.140649 0.817187 0.129830 0.817187 0.114374 0.819531 0.106646 0.821094 0.086553 0.827344 0.051005 0.829688 0.044822 0.833594 0.017002 0.837500 0.004637 0.837500 0.000000
0 0.764062 0.004637 0.758594 0.038640 0.757812 0.051005 0.754687 0.063369 0.752344 0.081917 0.750000 0.088099 0.750000 0.095827 0.746875 0.108192 0.744531 0.128284 0.742969 0.131376 0.743750 0.145286 0.748437 0.146832 0.758594 0.143740 0.759375 0.131376 0.763281 0.122102 0.768750 0.068006 0.767969 0.037094 0.771875 0.020093 0.771875 0.015456 0.767188 0.017002 0.764062 0.010819
1 0.542969 0.204019 0.522656 0.200927 0.518750 0.204019 0.506250 0.205564 0.472656 0.205564 0.467969 0.208655 0.465625 0.214838 0.454688 0.278207 0.449219 0.302937 0.440625 0.353941 0.439844 0.364760 0.433594 0.394127 0.416406 0.499227 0.412500 0.514683 0.410938 0.530139 0.402344 0.574961 0.400781 0.590417 0.394531 0.621329 0.385156 0.683153 0.382031 0.693972 0.379688 0.712519 0.373437 0.741886 0.372656 0.752705 0.357812 0.831530 0.330469 0.993818 0.330469 1.000000 0.411719 1.000000 0.419531 0.950541 0.429688 0.899536 0.435156 0.862442 0.439844 0.842349 0.465625 0.680062 0.471094 0.653787 0.478125 0.607419 0.481250 0.595054 0.486719 0.554869 0.496094 0.506955 0.509375 0.425039 0.517188 0.387944 0.521875 0.353941 0.537500 0.267388 0.545312 0.217929 0.545312 0.210201
1 0.639062 0.221020 0.634375 0.227202 0.632812 0.241113 0.630469 0.247295 0.626563 0.278207 0.623437 0.290572 0.603906 0.406491 0.598437 0.431221 0.596094 0.451314 0.591406 0.471406 0.587500 0.499227 0.582031 0.523957 0.582031 0.530139 0.571875 0.590417 0.566406 0.615147 0.565625 0.625966 0.557031 0.676971 0.553125 0.692427 0.549219 0.720247 0.538281 0.772798 0.532813 0.809892 0.530469 0.817620 0.512500 0.925811 0.510156 0.933539 0.501563 0.986090 0.500781 1.000000 0.582812 1.000000 0.587500 0.962906 0.592187 0.935085 0.596875 0.916538 0.603125 0.873261 0.612500 0.825348 0.620313 0.771252 0.628125 0.732612 0.637500 0.667697 0.643750 0.636785 0.653906 0.570325 0.659375 0.547141 0.663281 0.517774 0.676562 0.443586 0.677344 0.431221 0.689063 0.363215 0.689063 0.357032 0.687500 0.352396 0.675781 0.341577 0.670312 0.341577 0.663281 0.336940 0.657813 0.329212 0.660937 0.307573 0.664062 0.301391 0.664062 0.298300 0.659375 0.284389 0.657031 0.272025 0.650000 0.258114 0.647656 0.247295 0.640625 0.231839
1 0.000000 0.233385 0.000000 0.401855 0.002344 0.403400 0.006250 0.421947 0.010937 0.428130 0.019531 0.449768 0.034375 0.476043 0.039844 0.493045 0.048438 0.505410 0.062500 0.531685 0.060156 0.539413 0.064844 0.544049 0.071875 0.519320 0.077344 0.485317 0.079687 0.477589 0.081250 0.462133 0.086719 0.432767 0.086719 0.418856 0.071094 0.383308 0.068750 0.374034 0.064062 0.367852 0.061719 0.358578 0.051562 0.338485 0.048438 0.335394 0.037500 0.309119 0.032813 0.302937 0.028125 0.289026 0.002344 0.233385
1 0.810156 0.313756 0.782813 0.312210 0.778906 0.324575 0.777344 0.343122 0.775000 0.349304 0.773438 0.364760 0.771094 0.369397 0.767969 0.397218 0.763281 0.411128 0.760938 0.431221 0.754687 0.460587 0.750781 0.491499 0.747656 0.502318 0.745313 0.522411 0.743750 0.525502 0.735156 0.581144 0.732031 0.593509 0.729688 0.612056 0.708594 0.729521 0.703906 0.765070 0.692969 0.826893 0.692969 0.845440 0.722656 0.860896 0.727344 0.860896 0.728906 0.857805 0.731250 0.836167 0.732031 0.803709 0.735156 0.789799 0.737500 0.766615 0.767188 0.591963 0.771875 0.570325 0.792969 0.437403 0.795312 0.429675 0.797656 0.411128 0.800000 0.403400 0.809375 0.341577 0.810937 0.338485 0.812500 0.319938
1 0.836719 0.313756 0.833594 0.312210 0.826562 0.318393 0.825000 0.321484 0.825000 0.329212 0.819531 0.346213 0.815625 0.377125 0.799219 0.474498 0.797656 0.477589 0.789062 0.520866 0.785937 0.545595 0.778906 0.578053 0.757031 0.710974 0.754687 0.718702 0.753125 0.732612 0.742969 0.785162 0.737500 0.823802 0.737500 0.833076 0.742188 0.839258 0.764062 0.850077 0.767969 0.846986 0.772656 0.836167 0.775781 0.809892 0.781250 0.788253 0.783594 0.765070 0.788281 0.746522 0.791406 0.718702 0.803125 0.664606 0.808594 0.630603 0.808594 0.624420 0.814063 0.599691 0.816406 0.579598 0.818750 0.571870 0.835156 0.474498 0.835156 0.468315 0.842969 0.431221 0.848437 0.387944 0.850000 0.384853 0.852344 0.336940 0.850000 0.330757 0.846094 0.332303 0.844531 0.326121
1 1.000000 0.183926 0.996094 0.183926 0.992188 0.190108 0.992969 0.204019 0.990625 0.211747 0.985938 0.221020 0.983594 0.222566 0.979688 0.239567 0.975781 0.244204 0.969531 0.244204 0.964063 0.239567 0.957031 0.238022 0.950781 0.231839 0.946875 0.225657 0.942969 0.202473 0.935937 0.194745 0.922656 0.194745 0.916406 0.197836 0.896094 0.197836 0.891406 0.202473 0.888281 0.202473 0.885156 0.210201 0.880469 0.241113 0.874219 0.268934 0.874219 0.275116 0.868750 0.302937 0.867188 0.319938 0.850781 0.401855 0.846094 0.434312 0.844531 0.437403 0.838281 0.479134 0.834375 0.496136 0.834375 0.502318 0.830469 0.525502 0.827344 0.536321 0.826562 0.547141 0.819531 0.582689 0.814844 0.616692 0.810937 0.633694 0.807031 0.663060 0.803906 0.673879 0.799219 0.710974 0.796875 0.718702 0.791406 0.755796 0.789844 0.758887 0.787500 0.778980 0.779687 0.819165 0.778906 0.831530 0.776563 0.837713 0.771875 0.865533 0.771875 0.873261 0.756250 0.958269 0.750781 1.000000 0.873437 1.000000 0.879687 0.969088 0.892188 0.890263 0.899219 0.856260 0.907813 0.797527 0.914844 0.765070 0.919531 0.729521 0.931250 0.667697 0.935156 0.636785 0.946094 0.581144 0.947656 0.562597 0.953906 0.531685 0.959375 0.494590 0.961719 0.486862 0.962500 0.476043 0.970313 0.434312 0.971094 0.423493 0.978125 0.389490 0.978125 0.383308 0.981250 0.369397 0.986719 0.330757 0.989844 0.321484 0.989844 0.315301 0.992969 0.304482 0.993750 0.290572 0.997656 0.275116 0.997656 0.265842 1.000000 0.264297
0 0.907813 0.057187 0.904687 0.054096 0.889844 0.057187 0.889844 0.066461 0.887500 0.074189 0.882812 0.106646 0.877344 0.120556 0.877344 0.123648 0.873437 0.128284 0.896875 0.129830 0.898438 0.126739 0.898438 0.112828 0.904687 0.105100 0.905469 0.083462 0.908594 0.071097
0 0.868750 0.055641 0.864844 0.051005 0.846094 0.046368 0.841406 0.035549 0.833594 0.068006 0.823438 0.128284 0.826562 0.131376 0.855469 0.131376 0.860156 0.128284 0.858594 0.123648 0.859375 0.103555 0.862500 0.095827 0.863281 0.083462 0.866406 0.066461 0.868750 0.060278
0 0.889844 0.057187 0.883594 0.054096 0.868750 0.055641 0.866406 0.063369 0.861719 0.094281 0.858594 0.105100 0.857031 0.119011 0.857812 0.126739 0.875781 0.126739 0.879687 0.122102 0.883594 0.106646 0.885938 0.086553 0.889062 0.074189
