1 0.000000 0.007634 0.000000 0.018321 0.002344 0.019847 0.001563 0.022901 0.000000 0.022901 0.000000 0.769466 0.001563 0.769466 0.016406 0.801527 0.022656 0.810687 0.032031 0.830534 0.035937 0.835115 0.044531 0.854962 0.060156 0.882443 0.098437 0.961832 0.110937 0.983206 0.116406 0.989313 0.477344 0.989313 0.481250 0.986260 0.485938 0.977099 0.489844 0.975573 0.494531 0.961832 0.496094 0.949618 0.498437 0.945038 0.500781 0.920611 0.503906 0.909924 0.503906 0.900763 0.500781 0.891603 0.477344 0.851908 0.389844 0.679389 0.376563 0.656489 0.374219 0.648855 0.360156 0.624427 0.325781 0.554198 0.317188 0.541985 0.277344 0.462595 0.271094 0.453435 0.250781 0.409160 0.215625 0.340458 0.205469 0.323664 0.186719 0.283969 0.171875 0.258015 0.168750 0.248855 0.158594 0.232061 0.151562 0.216794 0.148438 0.213740 0.131250 0.178626 0.125781 0.170992 0.123438 0.163359 0.117188 0.154198 0.108594 0.137405 0.107813 0.132824 0.092969 0.106870 0.092188 0.102290 0.079687 0.080916 0.075000 0.067176 0.069531 0.059542 0.057031 0.032061 0.046094 0.015267 0.045312 0.010687 0.042969 0.007634 0.036719 0.006107
1 0.283594 0.000000 0.283594 0.003053 0.281250 0.007634 0.282813 0.016794 0.292969 0.033588 0.564063 0.564885 0.568750 0.566412 0.574219 0.552672 0.585156 0.493130 0.585156 0.487023 0.597656 0.419847 0.601562 0.404580 0.606250 0.375573 0.606250 0.355725 0.614062 0.337405 0.617188 0.325191 0.618750 0.311450 0.625781 0.283969 0.629687 0.254962 0.632031 0.247328 0.637500 0.215267 0.644531 0.187786 0.644531 0.180153 0.650781 0.149618 0.650000 0.120611 0.646094 0.112977 0.643750 0.102290 0.639062 0.096183 0.626563 0.068702 0.616406 0.051908 0.606250 0.029008 0.592969 0.004580 0.358594 0.004580 0.357812 0.000000 0.356250 0.004580 0.350781 0.004580 0.350000 0.000000 0.348438 0.004580 0.342969 0.004580 0.342187 0.000000 0.340625 0.004580 0.335156 0.004580 0.334375 0.000000 0.332813 0.000000 0.332031 0.004580 0.328125 0.004580 0.327344 0.000000 0.325000 0.000000 0.324219 0.004580 0.320312 0.004580 0.319531 0.000000 0.316406 0.000000 0.315625 0.004580 0.312500 0.004580 0.311719 0.000000 0.309375 0.000000 0.308594 0.004580 0.305469 0.004580 0.304688 0.000000 0.300781 0.000000 0.300000 0.004580 0.296875 0.004580 0.296094 0.000000 0.293750 0.000000 0.292969 0.004580 0.289844 0.004580 0.289062 0.000000
1 0.000000 0.789313 0.000000 0.948092 0.032813 0.948092 0.037500 0.951145 0.036719 0.967939 0.000000 0.969466 0.000000 0.977099 0.039062 0.980153 0.094531 0.978626 0.096875 0.972519 0.002344 0.789313
0 0.656250 0.303817 0.650000 0.322137 0.647656 0.338931 0.640625 0.363359 0.639062 0.377099 0.640625 0.389313 0.646875 0.393893 0.653906 0.403053 0.674219 0.448855 0.698438 0.493130 0.701562 0.506870 0.706250 0.517557 0.713281 0.540458 0.722656 0.552672 0.728125 0.551145 0.735938 0.537405 0.745313 0.509924 0.745313 0.497710 0.742969 0.482443 0.732031 0.468702 0.731250 0.462595 0.734375 0.448855 0.733594 0.435115 0.722656 0.422901 0.717187 0.407634 0.698438 0.378626 0.687500 0.355725 0.677344 0.340458 0.661719 0.305344
0 0.669531 0.225954 0.668750 0.233588 0.670312 0.236641
0 0.676562 0.198473 0.668750 0.224427 0.663281 0.253435 0.664844 0.287023 0.708594 0.372519 0.710156 0.380153 0.715625 0.389313 0.716406 0.393893 0.719531 0.395420 0.734375 0.427481 0.739844 0.424427 0.744531 0.415267 0.750781 0.386260 0.756250 0.372519 0.757031 0.363359 0.759375 0.355725 0.758594 0.349618 0.749219 0.334351 0.743750 0.317557 0.739844 0.314504 0.725000 0.282443 0.716406 0.270229 0.710156 0.258015 0.708594 0.251908 0.700781 0.238168 0.698438 0.236641 0.693750 0.222901 0.682813 0.207634 0.680469 0.201527
0 0.693750 0.097710 0.685156 0.132824 0.685156 0.180153 0.687500 0.187786 0.695312 0.201527 0.699219 0.215267 0.714063 0.242748 0.717969 0.247328 0.720313 0.254962 0.727344 0.267176 0.733594 0.287023 0.740625 0.293130 0.749219 0.309924 0.750781 0.323664 0.760156 0.338931 0.761719 0.335878 0.761719 0.328244 0.758594 0.312977 0.758594 0.306870 0.763281 0.294656 0.764062 0.288550 0.764062 0.271756 0.767188 0.256489 0.766406 0.241221 0.764062 0.236641 0.760156 0.219847 0.749219 0.200000 0.742188 0.174046 0.736719 0.167939 0.727344 0.151145 0.723437 0.137405 0.711719 0.117557 0.710938 0.109924 0.702344 0.097710
0 0.844531 0.102290 0.847656 0.103817 0.846094 0.100763
0 0.829688 0.088550 0.829688 0.097710 0.835156 0.096183
0 0.782813 0.032061 0.782031 0.039695 0.783594 0.042748 0.784375 0.033588
0 0.789844 0.000000 0.786719 0.000000 0.786719 0.003053 0.784375 0.007634 0.780469 0.009160 0.779687 0.012214 0.781250 0.012214 0.782813 0.016794 0.787500 0.016794
0 0.710938 0.000000 0.703906 0.024427 0.703125 0.033588 0.699219 0.050382 0.697656 0.064122 0.699219 0.074809 0.714844 0.094656 0.716406 0.100763 0.724219 0.099237 0.726562 0.102290 0.728906 0.119084 0.731250 0.126718 0.731250 0.135878 0.733594 0.140458 0.743750 0.148092 0.750000 0.155725 0.761719 0.181679 0.767188 0.187786 0.771094 0.196947 0.775781 0.200000 0.778125 0.187786 0.778906 0.172519 0.776563 0.164885 0.775781 0.154198 0.776563 0.129771 0.783594 0.105344 0.791406 0.103817 0.793750 0.099237 0.803125 0.096183 0.792188 0.085496 0.786719 0.087023 0.783594 0.079389 0.779687 0.077863 0.777344 0.071756 0.778125 0.062595 0.773438 0.056489 0.772656 0.050382 0.775000 0.041221 0.771875 0.035115 0.775000 0.027481 0.771875 0.018321 0.772656 0.013740 0.778125 0.012214 0.776563 0.000000
0 0.925781 0.000000 0.925781 0.004580 0.937500 0.027481 0.940625 0.030534 0.945312 0.042748 0.948438 0.045802 0.997656 0.138931 1.000000 0.138931 1.000000 0.000000
1 0.058594 0.010687 0.066406 0.035115 0.214844 0.325191 0.229687 0.358779 0.239844 0.375573 0.260937 0.416794 0.264844 0.427481 0.271094 0.436641 0.285156 0.465649 0.303125 0.497710 0.310156 0.514504 0.317969 0.526718 0.406250 0.700763 0.433594 0.749618 0.436719 0.760305 0.440625 0.764885 0.454688 0.793893 0.458594 0.798473 0.482812 0.845802 0.485938 0.856489 0.489844 0.861069 0.493750 0.870229 0.496094 0.871756 0.501563 0.883969 0.506250 0.882443 0.510156 0.876336 0.511719 0.862595 0.514844 0.850382 0.517188 0.829008 0.520312 0.821374 0.521094 0.812214 0.527344 0.790840 0.527344 0.783206 0.529687 0.775573 0.529687 0.767939 0.532031 0.760305 0.532031 0.751145 0.534375 0.737405 0.537500 0.731298 0.539062 0.717557 0.541406 0.711450 0.541406 0.706870 0.545312 0.690076 0.546094 0.679389 0.550781 0.668702 0.553125 0.656489 0.554688 0.641221 0.557031 0.632061 0.556250 0.613740 0.560937 0.609160 0.561719 0.595420 0.564063 0.584733 0.563281 0.572519 0.553125 0.552672 0.550781 0.551145 0.545312 0.537405 0.534375 0.519084 0.530469 0.508397 0.521875 0.491603 0.517969 0.487023 0.505469 0.459542 0.500781 0.453435 0.499219 0.447328 0.469531 0.386260 0.298438 0.053435 0.289844 0.033588 0.285938 0.029008 0.279687 0.015267 0.273438 0.007634 0.257031 0.004580 0.067187 0.004580 0.060937 0.006107
