1 0.814063 0.120185 0.806250 0.134052 0.794531 0.166410 0.792969 0.174114 0.786719 0.187982 0.775781 0.223421 0.757031 0.272727 0.754687 0.283513 0.748437 0.300462 0.746875 0.314330 0.772656 0.366718 0.785937 0.400616 0.803906 0.437596 0.806250 0.445300 0.814063 0.459168 0.854688 0.551618 0.856250 0.557781 0.869531 0.582435 0.872656 0.591680 0.895312 0.637904 0.897656 0.645609 0.912500 0.674884 0.917188 0.690293 0.929688 0.716487 0.931250 0.722650 0.976562 0.813559 0.989844 0.848998 0.993750 0.855162 1.000000 0.850539 1.000000 0.525424 0.997656 0.523883 0.992969 0.510015 0.985938 0.496148 0.985156 0.489985 0.983594 0.489985 0.978125 0.479199 0.974219 0.466872 0.950781 0.417565 0.950781 0.414484 0.934375 0.379045 0.925000 0.354391 0.917188 0.342065 0.898438 0.302003 0.896094 0.294299 0.884375 0.271186 0.881250 0.260401 0.868750 0.237288 0.866406 0.228043 0.846094 0.186441 0.839844 0.169492 0.832031 0.155624 0.825000 0.137134 0.820312 0.127889
1 0.595313 0.517720 0.609375 0.496148 0.595313 0.496148
1 0.610938 0.476117 0.611719 0.485362 0.612500 0.479199
1 0.369531 0.047766 0.353125 0.086287 0.346875 0.106317 0.293750 0.251156 0.288281 0.271186 0.287500 0.283513 0.292969 0.300462 0.314844 0.351310 0.402344 0.545455 0.425000 0.599384 0.467187 0.687211 0.487500 0.738059 0.503125 0.771957 0.514844 0.791988 0.518750 0.807396 0.528906 0.825886 0.532813 0.828968 0.537500 0.825886 0.542969 0.815100 0.557813 0.771957 0.568750 0.745763 0.595313 0.667180 0.610156 0.628659 0.611719 0.620955 0.616406 0.611710 0.618750 0.600924 0.618750 0.594761 0.615625 0.583975 0.611719 0.577812 0.609375 0.568567 0.596875 0.546995 0.592969 0.526965 0.571875 0.480740 0.553906 0.437596 0.548438 0.428351 0.544531 0.416025 0.532813 0.394453 0.529687 0.383667 0.516406 0.357473 0.512500 0.345146 0.500781 0.322034 0.500000 0.317411 0.492188 0.302003 0.490625 0.295840 0.485938 0.288136 0.484375 0.281972 0.453906 0.215716 0.442969 0.187982 0.423438 0.147920 0.418750 0.134052 0.407813 0.112481 0.387500 0.064715 0.381250 0.052388 0.375000 0.046225
1 0.382812 0.006163 0.375781 0.026194 0.376563 0.036980 0.378906 0.044684 0.591406 0.522342 0.596094 0.522342 0.603906 0.508475 0.609375 0.503852 0.611719 0.489985 0.610938 0.468413 0.605469 0.440678 0.428906 0.046225 0.417969 0.018490 0.410938 0.004622 0.408594 0.004622 0.407813 0.000000 0.387500 0.000000 0.386719 0.004622
1 0.707031 0.000000 0.707031 0.004622 0.775000 0.155624 0.779687 0.155624 0.787500 0.140216 0.798438 0.106317 0.801562 0.087827 0.798438 0.075501 0.782813 0.043143 0.775000 0.021572 0.764062 0.000000
1 0.516406 0.000000 0.516406 0.012327 0.529687 0.040062 0.537500 0.060092 0.616406 0.234206 0.685156 0.389831 0.686719 0.389831 0.689063 0.394453 0.692969 0.389831 0.697656 0.380586 0.704688 0.359014 0.705469 0.334361 0.690625 0.302003 0.689844 0.295840 0.681250 0.269646 0.575781 0.030817 0.564063 0.006163 0.560156 0.004622 0.559375 0.000000
1 0.565625 0.000000 0.567187 0.012327 0.607031 0.097072 0.665625 0.232666 0.679688 0.260401 0.689063 0.260401 0.693750 0.249615 0.703906 0.214176 0.703125 0.194145 0.653906 0.087827 0.635938 0.044684 0.615625 0.003082 0.615625 0.000000
1 0.924219 0.983051 0.921875 0.989214 0.924219 0.989214
1 0.624219 0.644068 0.608594 0.688752 0.606250 0.701079 0.601562 0.708783 0.569531 0.795069 0.566406 0.810478 0.568750 0.821263 0.577344 0.842835 0.582031 0.850539 0.590625 0.876733 0.604688 0.906009 0.614844 0.919877 0.628125 0.946071 0.631250 0.956857 0.650000 0.992296 0.785937 0.990755 0.786719 0.987673 0.782813 0.981510 0.782031 0.975347 0.767188 0.944530 0.758594 0.922958 0.751563 0.910632 0.744531 0.890601 0.735938 0.875193 0.735156 0.870570 0.700781 0.796610 0.687500 0.764253 0.664844 0.714946 0.657813 0.702619 0.657031 0.697997 0.647656 0.676425 0.630469 0.642527
1 0.576562 0.784284 0.571875 0.793529 0.571875 0.798151 0.576562 0.795069
1 0.695312 0.453005 0.678906 0.488444 0.670312 0.516179 0.662500 0.533128 0.659375 0.545455 0.653906 0.556240 0.653125 0.562404 0.649219 0.570108 0.637500 0.608629 0.634375 0.614792 0.632031 0.624037 0.632031 0.636364 0.634375 0.645609 0.639062 0.651772 0.639844 0.657935 0.649219 0.679507 0.654687 0.688752 0.660937 0.705701 0.715625 0.825886 0.717187 0.832049 0.734375 0.870570 0.748437 0.898305 0.748437 0.901387 0.764062 0.933744 0.764844 0.938367 0.768750 0.944530 0.787500 0.989214 0.821875 0.992296 0.917188 0.992296 0.925781 0.989214 0.923438 0.947612 0.917969 0.935285 0.915625 0.926040 0.901563 0.895223 0.900781 0.890601 0.889844 0.870570 0.885938 0.858243 0.869531 0.825886 0.868750 0.819723 0.856250 0.796610 0.837500 0.750385 0.810937 0.690293 0.798438 0.665639 0.770312 0.599384 0.763281 0.587057 0.758594 0.573190 0.744531 0.545455 0.721875 0.491525 0.710156 0.466872 0.701562 0.453005
1 0.865625 0.000000 0.865625 0.003082 0.860156 0.007704 0.839844 0.049307 0.838281 0.055470 0.825000 0.080123 0.821875 0.089368 0.821875 0.100154 0.827344 0.117103 0.834375 0.129430 0.836719 0.138675 0.842187 0.147920 0.842969 0.152542 0.868750 0.204931 0.868750 0.209553 0.877344 0.220339 0.876563 0.226502 0.882031 0.234206 0.882812 0.243451 0.884375 0.246533 0.888281 0.248074 0.889844 0.251156 0.890625 0.260401 0.894531 0.263482 0.896875 0.268105 0.896875 0.272727 0.900000 0.278891 0.903906 0.281972 0.907031 0.297381 0.907031 0.305085 0.911719 0.306626 0.913281 0.309707 0.914844 0.323575 0.918750 0.326656 0.921094 0.335901 0.928906 0.349769 0.931250 0.366718 0.935156 0.365177 0.939844 0.377504 0.943750 0.382126 0.946094 0.395994 0.951562 0.399076 0.954688 0.405239 0.954688 0.412943 0.959375 0.416025 0.960938 0.426810 0.962500 0.429892 0.965625 0.429892 0.967969 0.432974 0.969531 0.445300 0.972656 0.448382 0.977344 0.460709 0.982812 0.466872 0.986719 0.486903 0.989844 0.488444 0.997656 0.499230 1.000000 0.499230 1.000000 0.000000
1 0.770312 0.000000 0.770312 0.004622 0.778125 0.021572 0.779687 0.029276 0.788281 0.043143 0.795312 0.060092 0.795312 0.063174 0.798438 0.066256 0.802344 0.075501 0.813281 0.066256 0.816406 0.055470 0.822656 0.043143 0.823438 0.033898 0.817969 0.026194 0.811719 0.009245 0.807031 0.003082 0.807031 0.000000
1 0.462500 0.000000 0.464062 0.012327 0.525781 0.152542 0.529687 0.158706 0.530469 0.163328 0.544531 0.192604 0.546094 0.198767 0.576562 0.263482 0.578125 0.269646 0.592969 0.300462 0.607812 0.337442 0.635156 0.397535 0.634375 0.403698 0.626563 0.402157 0.626563 0.408320 0.628906 0.408320 0.634375 0.414484 0.635938 0.414484 0.638281 0.408320 0.639844 0.412943 0.642188 0.414484 0.657813 0.451464 0.657813 0.459168 0.664844 0.463790 0.670312 0.459168 0.687500 0.408320 0.687500 0.394453 0.643750 0.300462 0.636719 0.281972 0.513281 0.006163 0.507812 0.004622 0.507031 0.000000 0.503906 0.000000 0.503125 0.004622 0.500781 0.004622 0.500000 0.000000 0.495312 0.000000 0.494531 0.003082 0.493750 0.000000 0.487500 0.000000 0.486719 0.004622 0.477344 0.004622 0.476562 0.000000 0.469531 0.000000 0.469531 0.003082 0.467187 0.004622 0.466406 0.000000
1 0.414844 0.000000 0.414844 0.004622 0.418750 0.020031 0.603125 0.434515 0.617188 0.432974 0.625781 0.420647 0.627344 0.414484 0.631250 0.412943 0.635156 0.416025 0.637500 0.412943 0.635938 0.403698 0.626563 0.379045 0.460938 0.006163 0.456250 0.004622 0.455469 0.000000 0.440625 0.000000 0.439844 0.004622 0.438281 0.004622 0.436719 0.000000 0.433594 0.000000 0.432812 0.004622 0.431250 0.004622 0.430469 0.000000 0.425000 0.000000 0.424219 0.004622 0.421875 0.004622 0.421094 0.000000
