0 0.465625 0.556589 0.459375 0.601550 0.457031 0.609302 0.447656 0.697674 0.445312 0.706977 0.443750 0.724031 0.441406 0.731783 0.439844 0.790698 0.447656 0.827907 0.452344 0.865116 0.456250 0.875969 0.456250 0.889922 0.460156 0.902326 0.460156 0.920930 0.462500 0.933333 0.463281 0.970543 0.466406 0.989147 0.470313 0.995349 0.480469 0.995349 0.481250 1.000000 0.485156 1.000000 0.485938 0.995349 0.487500 0.995349 0.488281 1.000000 0.490625 1.000000 0.491406 0.995349 0.496094 0.995349 0.496875 1.000000 0.500781 1.000000 0.500781 0.996899 0.502344 0.995349 0.503125 1.000000 0.506250 1.000000 0.506250 0.996899 0.510156 0.992248 0.517969 0.993798 0.520312 0.996899 0.520312 1.000000 0.880469 1.000000 0.881250 0.995349 0.882812 0.995349 0.883594 1.000000 0.885156 1.000000 0.885938 0.995349 0.896094 0.995349 0.896875 1.000000 0.907031 1.000000 0.907813 0.995349 0.911719 0.995349 0.912500 1.000000 0.916406 1.000000 0.917188 0.995349 0.928906 0.995349 0.929688 1.000000 1.000000 1.000000 1.000000 0.768992 0.957812 0.758140 0.955469 0.755039 0.924219 0.750388 0.920312 0.747287 0.885156 0.736434 0.798438 0.720930 0.792188 0.716279 0.778906 0.714729 0.775781 0.711628 0.770312 0.711628 0.767969 0.708527 0.751563 0.703876 0.749219 0.700775 0.732812 0.696124 0.731250 0.693023 0.714063 0.685271 0.707031 0.675969 0.701562 0.675969 0.698438 0.669767 0.691406 0.668217 0.690625 0.662016 0.688281 0.660465 0.685937 0.654264 0.674219 0.643411 0.670312 0.644961 0.670312 0.651163 0.671875 0.654264 0.670312 0.657364 0.666406 0.649612 0.663281 0.655814 0.660937 0.655814 0.660156 0.651163 0.654687 0.649612 0.652344 0.643411 0.642188 0.627907 0.635156 0.624806 0.632812 0.618605 0.622656 0.609302 0.614844 0.596899 0.607812 0.593798 0.604688 0.586047 0.600781 0.581395 0.591406 0.578295 0.590625 0.575194 0.584375 0.570543 0.582031 0.565891 0.574219 0.562791 0.568750 0.555039 0.557031 0.548837 0.553125 0.542636 0.542969 0.539535 0.539844 0.534884 0.534375 0.531783 0.528906 0.531783 0.523438 0.525581 0.511719 0.524031 0.503906 0.519380 0.489844 0.517829 0.477344 0.525581 0.475000 0.531783 0.471094 0.536434
0 0.641406 0.607752 0.640625 0.617054 0.642188 0.621705 0.653125 0.624806 0.656250 0.629457 0.657813 0.635659 0.663281 0.634109 0.663281 0.631008 0.660156 0.629457 0.658594 0.623256 0.653125 0.623256 0.652344 0.615504 0.648438 0.613953 0.644531 0.607752
0 0.357031 0.626357 0.357031 0.646512 0.353125 0.654264 0.355469 0.662016 0.354687 0.677519 0.339062 0.677519 0.339844 0.697674 0.343750 0.720930 0.346094 0.751938 0.348438 0.762791 0.353125 0.768992 0.360938 0.787597 0.363281 0.804651 0.365625 0.810853 0.365625 0.834109 0.367188 0.844961 0.377344 0.858915 0.379688 0.874419 0.383594 0.883721 0.387500 0.905426 0.392188 0.919380 0.392969 0.941085 0.396875 0.958140 0.396875 0.967442 0.403906 0.987597 0.404687 1.000000 0.405469 0.982946 0.412500 0.965891 0.416406 0.962791 0.420312 0.951938 0.427344 0.948837 0.436719 0.936434 0.440625 0.936434 0.450781 0.955039 0.452344 0.951938 0.451562 0.930233 0.447656 0.930233 0.444531 0.927132 0.448437 0.920930 0.448437 0.916279 0.446094 0.910078 0.447656 0.886822 0.445312 0.877519 0.444531 0.865116 0.439063 0.848062 0.439063 0.840310 0.436719 0.834109 0.436719 0.829457 0.433594 0.817054 0.429688 0.786047 0.431250 0.759690 0.435156 0.731783 0.435937 0.685271 0.428906 0.683721 0.426563 0.685271 0.425781 0.689922 0.423438 0.693023 0.414844 0.677519 0.413281 0.660465 0.407813 0.658915 0.406250 0.662016 0.406250 0.671318 0.410156 0.679070 0.406250 0.685271 0.398438 0.686822 0.392188 0.680620 0.382031 0.689922 0.375000 0.686822 0.372656 0.688372 0.369531 0.696124 0.364844 0.696124 0.357031 0.686822 0.360938 0.672868 0.366406 0.671318 0.365625 0.668217 0.360938 0.668217 0.359375 0.665116 0.359375 0.658915 0.363281 0.651163 0.365625 0.651163 0.368750 0.646512 0.373437 0.651163 0.374219 0.637209 0.365625 0.631008 0.360938 0.631008
0 0.384375 0.618605 0.380469 0.617054 0.375781 0.621705 0.375000 0.624806 0.376563 0.629457 0.381250 0.629457 0.384375 0.624806
0 0.392969 0.607752 0.396094 0.624806 0.396094 0.631008 0.389844 0.640310 0.392188 0.641860 0.395313 0.651163 0.397656 0.651163 0.400000 0.646512 0.403906 0.652713 0.410938 0.644961 0.412500 0.644961 0.414844 0.649612 0.417187 0.648062 0.413281 0.634109 0.413281 0.629457 0.415625 0.623256 0.413281 0.620155 0.409375 0.620155 0.407031 0.615504 0.407031 0.607752 0.400781 0.604651
0 0.339062 0.592248 0.337500 0.592248 0.337500 0.595349
0 0.447656 0.590698 0.443750 0.592248 0.439063 0.598450 0.437500 0.604651 0.437500 0.612403 0.439063 0.617054 0.437500 0.635659 0.438281 0.648062 0.436719 0.652713 0.436719 0.658915 0.439063 0.671318 0.441406 0.657364 0.440625 0.644961 0.443750 0.634109 0.445312 0.604651 0.448437 0.595349
0 0.428125 0.576744 0.426563 0.593798 0.425000 0.598450 0.415625 0.600000 0.423438 0.613953 0.428125 0.601550
0 0.454688 0.528682 0.454688 0.533333 0.457031 0.531783
0 0.372656 0.527132 0.371094 0.531783 0.373437 0.533333 0.374219 0.528682
0 0.351562 0.527132 0.350781 0.531783 0.353906 0.537984 0.350000 0.545736 0.350000 0.548837 0.353906 0.550388 0.358594 0.542636 0.359375 0.537984 0.355469 0.531783 0.354687 0.527132
0 0.428125 0.511628 0.422656 0.513178 0.423438 0.525581 0.427344 0.516279 0.428906 0.516279
0 0.365625 0.514729 0.367969 0.519380 0.370312 0.519380 0.371875 0.516279 0.369531 0.511628 0.367188 0.511628
0 0.350781 0.499225 0.354687 0.506977 0.355469 0.514729 0.357812 0.517829 0.364063 0.516279 0.360938 0.513178 0.358594 0.503876 0.355469 0.499225
0 0.348438 0.499225 0.341406 0.499225 0.339062 0.503876 0.333594 0.506977 0.332031 0.511628 0.327344 0.514729 0.328125 0.524031 0.332813 0.533333 0.333594 0.539535 0.339062 0.551938 0.340625 0.565891 0.339844 0.578295 0.341406 0.586047 0.344531 0.579845 0.346875 0.579845 0.348438 0.582946 0.351562 0.582946 0.353125 0.579845 0.350000 0.555039 0.346094 0.555039 0.345313 0.545736 0.342969 0.541085 0.345313 0.519380 0.344531 0.503876
0 0.364063 0.488372 0.362500 0.494574 0.365625 0.497674 0.366406 0.491473 0.365625 0.488372
0 0.000000 0.004651 0.000000 0.232558 0.002344 0.232558 0.010937 0.240310 0.014063 0.240310 0.020313 0.248062 0.027344 0.248062 0.036719 0.238760 0.045312 0.252713 0.052344 0.254264 0.069531 0.293023 0.082031 0.310078 0.087500 0.314729 0.098437 0.336434 0.104688 0.344186 0.110937 0.356589 0.121094 0.356589 0.122656 0.361240 0.123438 0.376744 0.125781 0.384496 0.131250 0.389147 0.138281 0.400000 0.146094 0.406202 0.157812 0.403101 0.164062 0.410853 0.172656 0.427907 0.182031 0.438760 0.185156 0.444961 0.193750 0.444961 0.196875 0.448062 0.205469 0.468217 0.208594 0.482171 0.211719 0.485271 0.217188 0.483721 0.221094 0.486822 0.224219 0.482171 0.232031 0.480620 0.235937 0.485271 0.239844 0.494574 0.257031 0.511628 0.264062 0.508527 0.270313 0.497674 0.275781 0.497674 0.279687 0.489922 0.288281 0.491473 0.292969 0.486822 0.300781 0.491473 0.310156 0.505426 0.312500 0.503876 0.314063 0.499225 0.315625 0.499225 0.318750 0.505426 0.326562 0.500775 0.324219 0.493023 0.324219 0.485271 0.325781 0.482171 0.328125 0.483721 0.329688 0.488372 0.332813 0.485271 0.339062 0.485271 0.342187 0.479070 0.348438 0.477519 0.350781 0.471318 0.353906 0.469767 0.354687 0.452713 0.350000 0.437209 0.346875 0.432558 0.332031 0.431008 0.330469 0.421705 0.326562 0.426357 0.325000 0.423256 0.325000 0.412403 0.322656 0.400000 0.322656 0.372093 0.326562 0.302326 0.328906 0.283721 0.330469 0.252713 0.332031 0.246512 0.332031 0.235659 0.333594 0.231008 0.341406 0.089922 0.345313 0.051163 0.347656 0.043411 0.347656 0.029457 0.349219 0.020155 0.348438 0.006202 0.337500 0.004651 0.336719 0.000000 0.331250 0.000000 0.330469 0.004651 0.328125 0.004651 0.327344 0.000000 0.325781 0.000000 0.325000 0.004651 0.321094 0.004651 0.320312 0.000000 0.316406 0.000000 0.315625 0.004651 0.303906 0.004651 0.303125 0.000000 0.301563 0.000000 0.300781 0.004651 0.289844 0.004651 0.289062 0.000000 0.285156 0.000000 0.284375 0.004651 0.280469 0.004651 0.279687 0.000000 0.278125 0.004651 0.274219 0.004651 0.273438 0.000000 0.269531 0.000000 0.268750 0.004651 0.265625 0.004651 0.264844 0.000000 0.262500 0.000000 0.261719 0.004651 0.258594 0.004651 0.257812 0.000000 0.253125 0.000000 0.252344 0.004651 0.250781 0.004651 0.250000 0.000000 0.246875 0.000000 0.246094 0.004651 0.242188 0.004651 0.241406 0.000000 0.238281 0.000000 0.237500 0.004651 0.233594 0.004651 0.232813 0.000000 0.231250 0.004651 0.226562 0.004651 0.225781 0.000000 0.222656 0.000000 0.221875 0.004651 0.217969 0.004651 0.217188 0.000000 0.215625 0.004651 0.211719 0.004651 0.210938 0.000000 0.206250 0.000000 0.205469 0.004651 0.203906 0.004651 0.203125 0.000000 0.200000 0.000000 0.199219 0.004651 0.196094 0.004651 0.195312 0.000000 0.191406 0.000000 0.190625 0.004651 0.187500 0.004651 0.186719 0.000000 0.184375 0.000000 0.183594 0.004651 0.180469 0.004651 0.179688 0.000000 0.175000 0.000000 0.174219 0.004651 0.172656 0.004651 0.171875 0.000000 0.167969 0.000000 0.167187 0.004651 0.164844 0.004651 0.164062 0.000000 0.159375 0.000000 0.158594 0.004651 0.157031 0.004651 0.156250 0.000000 0.152344 0.000000 0.151562 0.004651 0.149219 0.004651 0.148438 0.000000 0.143750 0.000000 0.142969 0.004651 0.141406 0.003101 0.141406 0.000000 0.136719 0.000000 0.135937 0.004651 0.134375 0.004651 0.133594 0.000000 0.128125 0.000000 0.127344 0.004651 0.125781 0.004651 0.125000 0.000000 0.121094 0.000000 0.120313 0.004651 0.118750 0.004651 0.117969 0.000000 0.105469 0.000000 0.104688 0.004651 0.103125 0.004651 0.102344 0.000000 0.089063 0.000000 0.088281 0.004651 0.086719 0.003101 0.086719 0.000000 0.073438 0.000000 0.072656 0.004651 0.071094 0.003101 0.071094 0.000000 0.057813 0.000000 0.057031 0.004651 0.056250 0.000000 0.042969 0.000000 0.042188 0.004651 0.039844 0.004651 0.039062 0.000000 0.034375 0.000000 0.033594 0.004651 0.032031 0.003101 0.032031 0.000000 0.027344 0.000000 0.026562 0.004651 0.025000 0.004651 0.024219 0.000000 0.017969 0.000000 0.017188 0.004651 0.016406 0.000000 0.011719 0.000000 0.010937 0.004651 0.008594 0.004651 0.007812 0.000000 0.003125 0.000000 0.002344 0.004651
0 0.000000 0.004651 0.000000 0.232558 0.014063 0.240310 0.021094 0.249612 0.029687 0.249612 0.032031 0.241860 0.036719 0.238760 0.044531 0.252713 0.048438 0.251163 0.052344 0.254264 0.060937 0.271318 0.062500 0.279070 0.067969 0.293023 0.073438 0.297674 0.081250 0.311628 0.089063 0.319380 0.100000 0.342636 0.104688 0.347287 0.109375 0.358140 0.111719 0.359690 0.114844 0.356589 0.119531 0.356589 0.121875 0.361240 0.125000 0.384496 0.132031 0.390698 0.139844 0.403101 0.142187 0.403101 0.146094 0.407752 0.152344 0.404651 0.160938 0.406202 0.172656 0.427907 0.185938 0.444961 0.194531 0.444961 0.201563 0.455814 0.203125 0.465116 0.209375 0.482171 0.222656 0.483721 0.231250 0.480620 0.236719 0.486822 0.239844 0.494574 0.246094 0.499225 0.251563 0.508527 0.255469 0.511628 0.264062 0.508527 0.267188 0.499225 0.275781 0.497674 0.279687 0.489922 0.287500 0.493023 0.291406 0.485271 0.299219 0.489922 0.301563 0.494574 0.307031 0.499225 0.310156 0.508527 0.320312 0.510078 0.339844 0.494574 0.350781 0.482171 0.357812 0.465116 0.366406 0.462016 0.373437 0.474419 0.380469 0.469767 0.389062 0.457364 0.392188 0.460465 0.398438 0.457364 0.405469 0.457364 0.414844 0.466667 0.425000 0.472868 0.428125 0.477519 0.435156 0.477519 0.439063 0.486822 0.450781 0.489922 0.453125 0.494574 0.458594 0.494574 0.462500 0.500775 0.464062 0.500775 0.466406 0.496124 0.471094 0.496124 0.473438 0.491473 0.478906 0.488372 0.482031 0.482171 0.495312 0.480620 0.503125 0.475969 0.510156 0.468217 0.511719 0.440310 0.511719 0.424806 0.510156 0.413953 0.507812 0.409302 0.497656 0.400000 0.494531 0.400000 0.489063 0.393798 0.460938 0.376744 0.453906 0.375194 0.443750 0.368992 0.431250 0.368992 0.425000 0.361240 0.425781 0.351938 0.424219 0.347287 0.422656 0.348837 0.420312 0.358140 0.385156 0.355039 0.371094 0.358140 0.361719 0.345736 0.355469 0.348837 0.342969 0.342636 0.330469 0.327132 0.328125 0.313178 0.329688 0.263566 0.332813 0.244961 0.332813 0.234109 0.336719 0.195349 0.337500 0.159690 0.340625 0.133333 0.341406 0.105426 0.343750 0.093023 0.345313 0.065116 0.347656 0.058915 0.349219 0.027907 0.351562 0.012403 0.350000 0.004651 0.346094 0.004651 0.345313 0.000000 0.315625 0.000000 0.314844 0.004651 0.313281 0.003101 0.313281 0.000000 0.308594 0.000000 0.307812 0.004651 0.305469 0.004651 0.304688 0.000000 0.300781 0.000000 0.300000 0.004651 0.297656 0.004651 0.296875 0.000000 0.292969 0.000000 0.292187 0.004651 0.289844 0.004651 0.289062 0.000000 0.285156 0.000000 0.284375 0.004651 0.282031 0.004651 0.281250 0.000000 0.277344 0.000000 0.276562 0.004651 0.274219 0.004651 0.273438 0.000000 0.268750 0.000000 0.267969 0.004651 0.266406 0.003101 0.266406 0.000000 0.261719 0.000000 0.260937 0.004651 0.258594 0.004651 0.257812 0.000000 0.253125 0.000000 0.252344 0.004651 0.250781 0.003101 0.250781 0.000000 0.246094 0.000000 0.245312 0.004651 0.242969 0.004651 0.242188 0.000000 0.238281 0.000000 0.237500 0.004651 0.235937 0.004651 0.235156 0.000000 0.230469 0.000000 0.229687 0.004651 0.227344 0.004651 0.226562 0.000000 0.222656 0.000000 0.221875 0.004651 0.218750 0.004651 0.217969 0.000000 0.215625 0.000000 0.214844 0.004651 0.210938 0.004651 0.210156 0.000000 0.207813 0.000000 0.207031 0.004651 0.203125 0.004651 0.202344 0.000000 0.200000 0.000000 0.199219 0.004651 0.194531 0.004651 0.193750 0.000000 0.192188 0.000000 0.191406 0.004651 0.187500 0.004651 0.186719 0.000000 0.185156 0.000000 0.184375 0.004651 0.178906 0.004651 0.178125 0.000000 0.176563 0.004651 0.171875 0.004651 0.171094 0.000000 0.168750 0.000000 0.167969 0.004651 0.163281 0.004651 0.162500 0.000000 0.160938 0.004651 0.156250 0.004651 0.155469 0.000000 0.153125 0.000000 0.152344 0.004651 0.147656 0.004651 0.146875 0.000000 0.145313 0.004651 0.141406 0.004651 0.140625 0.000000 0.136719 0.000000 0.135937 0.004651 0.132812 0.004651 0.132031 0.000000 0.129688 0.000000 0.128906 0.004651 0.125781 0.004651 0.125000 0.000000 0.121094 0.000000 0.120313 0.004651 0.117188 0.004651 0.116406 0.000000 0.114062 0.000000 0.113281 0.004651 0.110156 0.004651 0.109375 0.000000 0.105469 0.000000 0.104688 0.004651 0.101562 0.004651 0.100781 0.000000 0.098437 0.000000 0.097656 0.004651 0.094531 0.004651 0.093750 0.000000 0.089063 0.000000 0.088281 0.004651 0.086719 0.004651 0.085938 0.000000 0.082031 0.000000 0.081250 0.004651 0.079687 0.004651 0.078906 0.000000 0.074219 0.000000 0.073438 0.004651 0.071094 0.004651 0.070312 0.000000 0.066406 0.000000 0.065625 0.004651 0.064062 0.004651 0.063281 0.000000 0.057813 0.000000 0.057031 0.004651 0.055469 0.004651 0.054688 0.000000 0.050000 0.000000 0.049219 0.004651 0.047656 0.003101 0.047656 0.000000 0.042969 0.000000 0.042188 0.004651 0.039844 0.004651 0.039062 0.000000 0.035156 0.000000 0.034375 0.004651 0.032813 0.004651 0.032031 0.000000 0.027344 0.000000 0.026562 0.004651 0.024219 0.004651 0.023438 0.000000 0.019531 0.000000 0.018750 0.004651 0.016406 0.004651 0.015625 0.000000 0.011719 0.000000 0.010937 0.004651 0.007812 0.004651 0.007031 0.000000 0.003906 0.000000 0.003125 0.004651
1 0.564844 0.172093 0.560156 0.189147 0.553906 0.221705 0.545312 0.243411 0.539844 0.265116 0.539844 0.269767 0.545312 0.272868 0.546094 0.269767 0.549219 0.269767 0.552344 0.265116 0.559375 0.266667 0.573438 0.283721 0.574219 0.297674 0.567969 0.299225 0.566406 0.305426 0.564063 0.308527 0.560156 0.306977 0.552344 0.316279 0.548438 0.316279 0.544531 0.311628 0.543750 0.305426 0.540625 0.299225 0.542969 0.293023 0.542188 0.280620 0.536719 0.277519 0.536719 0.282171 0.534375 0.289922 0.535156 0.305426 0.532813 0.316279 0.532813 0.336434 0.530469 0.347287 0.528906 0.367442 0.526563 0.372093 0.518750 0.401550 0.514062 0.431008 0.513281 0.454264 0.514844 0.468217 0.523438 0.486822 0.531250 0.496124 0.571094 0.522481 0.576562 0.528682 0.582031 0.530233 0.585156 0.534884 0.596094 0.542636 0.623437 0.573643 0.626563 0.575194 0.630469 0.581395 0.635156 0.584496 0.661719 0.618605 0.669531 0.623256 0.672656 0.629457 0.675781 0.631008 0.696875 0.658915 0.716406 0.677519 0.720313 0.677519 0.725781 0.683721 0.732812 0.685271 0.758594 0.699225 0.767969 0.700775 0.785156 0.708527 0.790625 0.708527 0.803125 0.714729 0.822656 0.716279 0.839063 0.722481 0.848437 0.722481 0.882812 0.731783 0.890625 0.731783 0.900000 0.736434 0.917969 0.739535 0.935156 0.745736 0.951562 0.747287 0.978125 0.758140 1.000000 0.762791 1.000000 0.004651 0.648438 0.004651 0.645312 0.010853 0.642969 0.041860 0.643750 0.074419 0.645312 0.088372 0.645312 0.103876 0.643750 0.111628 0.638281 0.122481 0.628906 0.127132 0.617969 0.128682 0.606250 0.125581 0.592187 0.128682 0.579688 0.137984 0.571094 0.155039
