0 0.274219 0.209779 0.260937 0.205047 0.257031 0.206625 0.251563 0.242902 0.248438 0.249211 0.240625 0.250789 0.235937 0.255521 0.232031 0.264984 0.227344 0.266562 0.217969 0.283912 0.212500 0.290221 0.210938 0.294953 0.211719 0.301262 0.216406 0.310726 0.217969 0.310726 0.227344 0.324921 0.241406 0.339117 0.244531 0.339117 0.246094 0.318612 0.254688 0.277603 0.254688 0.264984 0.256250 0.253943 0.267969 0.246057 0.271875 0.225552 0.275000 0.219243
0 0.263281 0.022082 0.260937 0.033123 0.260937 0.088328 0.257812 0.110410 0.256250 0.143533 0.253125 0.157729 0.253125 0.168770 0.257812 0.173502 0.272656 0.176656 0.284375 0.170347 0.286719 0.159306 0.295312 0.140379 0.298438 0.138801 0.306250 0.146688 0.310937 0.146688 0.317969 0.115142 0.317969 0.105678 0.313281 0.099369 0.313281 0.091483 0.322656 0.074132 0.318750 0.067823 0.314063 0.067823 0.305469 0.074132 0.297656 0.074132 0.289844 0.069401 0.277344 0.047319 0.275781 0.036278 0.271094 0.026814
0 0.702344 0.987382 0.703906 1.000000 0.717187 1.000000 0.717187 0.987382 0.713281 0.993691 0.708594 0.993691 0.705469 0.982650
0 0.764062 0.869085 0.757812 0.864353 0.756250 0.861199 0.756250 0.851735 0.753125 0.848580 0.746094 0.850158 0.739844 0.854890 0.735156 0.870662 0.728906 0.884858 0.726562 0.881703 0.722656 0.881703 0.717187 0.889590 0.714844 0.903785 0.710156 0.921136 0.706250 0.929022 0.706250 0.933754 0.708594 0.938486 0.717187 0.943218 0.744531 0.946372 0.750781 0.932177 0.751563 0.917981 0.756250 0.910095 0.757812 0.886435
0 0.732812 0.987382 0.732812 1.000000 0.800781 1.000000 0.801562 0.990536 0.798438 0.979495 0.770312 0.973186 0.766406 0.970032 0.752344 0.966877 0.749219 0.963722 0.739844 0.963722
0 0.490625 0.413249 0.485156 0.414826 0.475000 0.424290 0.456250 0.422713 0.450781 0.429022 0.450000 0.433754 0.445312 0.443218 0.441406 0.446372 0.435937 0.446372 0.432031 0.440063 0.427344 0.438486 0.420312 0.446372 0.410938 0.452681 0.406250 0.458991 0.394531 0.466877 0.392969 0.470032 0.386719 0.471609 0.383594 0.476341 0.382031 0.511041 0.389062 0.539432 0.389844 0.550473 0.393750 0.563091 0.400000 0.597792 0.403906 0.611987 0.405469 0.626183 0.407813 0.632492 0.440625 0.632492 0.447656 0.627760 0.457031 0.629338 0.459375 0.626183 0.460156 0.618297 0.469531 0.585174 0.471094 0.572555 0.474219 0.567823 0.479687 0.566246 0.482031 0.555205 0.488281 0.541009 0.493750 0.520505 0.493750 0.479495 0.492188 0.457413 0.492188 0.427445
0 0.376563 0.501577 0.373437 0.509464 0.371094 0.525237 0.370312 0.550473 0.377344 0.604101 0.384375 0.630915 0.390625 0.641956 0.400781 0.643533 0.405469 0.634069 0.403906 0.615142 0.384375 0.522082 0.380469 0.507886
0 0.461719 0.652997 0.460938 0.640379 0.458594 0.630915 0.411719 0.635647 0.410156 0.638801 0.410156 0.643533 0.414844 0.662461 0.460156 0.659306
0 0.807813 0.812303 0.802344 0.815457 0.789062 0.839117 0.784375 0.851735 0.775000 0.869085 0.772656 0.878549 0.764062 0.892744 0.760938 0.903785 0.760938 0.917981 0.768750 0.933754 0.776563 0.960568 0.778906 0.963722 0.784375 0.962145 0.786719 0.958991 0.787500 0.947950 0.792188 0.935331 0.799219 0.935331 0.808594 0.929022 0.818750 0.910095 0.817187 0.891167 0.813281 0.869085 0.810156 0.859621 0.810937 0.820189 0.810156 0.815457
0 0.889062 0.894322 0.882812 0.900631 0.874219 0.914826 0.859375 0.944795 0.853125 0.963722 0.841406 0.987382 0.841406 1.000000 0.886719 1.000000 0.886719 0.996845 0.889062 0.995268 0.891406 0.973186 0.891406 0.900631
0 0.869531 0.643533 0.864844 0.646688 0.863281 0.652997 0.856250 0.665615 0.850781 0.686120 0.842187 0.705047 0.838281 0.701893 0.832812 0.703470 0.828125 0.711356 0.827344 0.717666 0.823438 0.725552 0.821875 0.725552 0.818750 0.769716 0.825000 0.793375 0.825781 0.804416 0.819531 0.826498 0.817187 0.845426 0.817187 0.858044 0.822656 0.876972 0.823438 0.903785 0.825000 0.910095 0.828906 0.916404 0.827344 0.946372 0.825000 0.952681 0.821875 0.955836 0.825781 0.976341 0.832812 0.976341 0.845313 0.957413 0.875000 0.897476 0.888281 0.878549 0.890625 0.870662 0.889062 0.845426 0.889844 0.667192 0.889062 0.660883 0.886719 0.657729 0.880469 0.657729 0.877344 0.660883 0.874219 0.659306 0.873437 0.648265
0 0.867969 0.410095 0.864062 0.410095 0.855469 0.422713 0.849219 0.436909 0.833594 0.498423 0.821875 0.534700 0.816406 0.556782 0.806250 0.583596 0.803125 0.599369 0.802344 0.610410 0.803906 0.618297 0.815625 0.640379 0.837500 0.638801 0.862500 0.641956 0.874219 0.638801 0.877344 0.635647 0.889062 0.634069 0.889062 0.599369 0.885156 0.582019 0.881250 0.585174 0.876563 0.585174 0.871094 0.577287 0.870313 0.570978 0.867188 0.566246 0.859375 0.567823 0.856250 0.572555 0.849219 0.577287 0.846094 0.585174 0.843750 0.585174 0.840625 0.580442 0.846094 0.558360 0.850000 0.553628 0.853906 0.556782 0.856250 0.548896 0.858594 0.548896 0.857031 0.539432 0.859375 0.536278 0.864844 0.537855 0.860938 0.552050 0.860938 0.556782 0.869531 0.556782 0.868750 0.547319 0.864062 0.534700 0.865625 0.520505 0.868750 0.512618 0.873437 0.506309 0.878906 0.504732 0.881250 0.493691 0.883594 0.500000 0.880469 0.511041 0.877344 0.515773 0.878906 0.523659 0.875000 0.533123 0.874219 0.541009 0.876563 0.544164 0.880469 0.542587 0.882812 0.545741 0.885938 0.545741 0.886719 0.542587 0.885938 0.496845 0.887500 0.482650 0.885156 0.454259 0.882031 0.444795 0.881250 0.436909 0.875000 0.421136
0 0.104688 0.522082 0.095312 0.526814 0.089844 0.533123 0.072656 0.564669 0.071875 0.569401 0.059375 0.599369 0.057031 0.608833 0.050000 0.624606 0.048438 0.632492 0.042969 0.645110 0.025000 0.700315 0.016406 0.720820 0.007031 0.758675 0.007031 0.769716 0.014063 0.782334 0.014063 0.788644 0.008594 0.801262 0.002344 0.826498 0.002344 0.834385 0.000000 0.835962 0.000000 0.839117 0.017969 0.856467 0.023438 0.858044 0.028125 0.864353 0.029687 0.870662 0.028125 0.886435 0.030469 0.894322 0.039062 0.911672 0.038281 0.925868 0.035937 0.936909 0.037500 0.966877 0.039844 0.970032 0.050781 0.971609 0.052344 0.974763 0.052344 0.988959 0.055469 1.000000 0.057813 1.000000 0.062500 0.981073 0.063281 0.960568 0.066406 0.941640 0.067187 0.927445 0.069531 0.917981 0.071875 0.876972 0.075000 0.861199 0.077344 0.840694 0.077344 0.829653 0.080469 0.809148 0.080469 0.791798 0.085156 0.776025 0.087500 0.749211 0.089844 0.738170 0.089844 0.720820 0.088281 0.712934 0.092969 0.708202 0.094531 0.681388 0.097656 0.662461 0.097656 0.652997 0.100000 0.635647 0.103906 0.574132 0.107031 0.548896 0.107031 0.528391
0 0.155469 0.263407 0.152344 0.260252 0.128906 0.260252 0.127344 0.257098 0.122656 0.260252 0.117969 0.293375 0.114844 0.328076 0.114844 0.392744 0.117188 0.402208 0.131250 0.400631 0.136719 0.394322 0.139063 0.384858 0.140625 0.365931 0.142969 0.359621 0.146875 0.335962 0.146875 0.329653 0.150781 0.305994 0.153125 0.272871
0 0.117188 0.408517 0.117188 0.474763 0.120313 0.477918 0.131250 0.479495 0.133594 0.476341 0.134375 0.471609 0.133594 0.457413 0.131250 0.444795 0.131250 0.430599 0.135156 0.419558 0.135156 0.406940
0 0.000000 0.022082 0.000000 0.031546 0.002344 0.031546 0.003125 0.025237 0.002344 0.022082
0 0.000000 0.004732 0.000000 0.017350 0.002344 0.017350 0.002344 0.004732
0 0.003906 0.209779 0.009375 0.217666 0.012500 0.219243 0.023438 0.219243 0.029687 0.222397 0.043750 0.223975 0.046094 0.227129 0.052344 0.227129 0.057813 0.230284 0.067969 0.227129 0.071094 0.233438 0.098437 0.235016 0.103125 0.238170 0.117188 0.236593 0.127344 0.203470 0.131250 0.195584 0.134375 0.179811 0.150000 0.140379 0.157812 0.113565 0.164844 0.099369 0.171875 0.072555 0.174219 0.069401 0.172656 0.053628 0.173437 0.033123 0.174219 0.031546 0.176563 0.039432 0.175000 0.055205 0.176563 0.059937 0.178125 0.059937 0.178125 0.055205 0.185938 0.036278 0.187500 0.015773 0.189062 0.012618 0.190625 0.015773 0.193750 0.015773 0.195312 0.007886 0.197656 0.004732 0.197656 0.000000 0.191406 0.000000 0.190625 0.007886 0.189062 0.011041 0.183594 0.011041 0.182812 0.020505 0.180469 0.018927 0.179688 0.009464 0.174219 0.009464 0.172656 0.000000 0.159375 0.000000 0.158594 0.004732 0.157031 0.003155 0.157031 0.000000 0.010937 0.000000 0.010156 0.072555 0.006250 0.157729 0.003906 0.182965
0 0.000000 0.227129 0.000000 0.255521 0.001563 0.255521 0.005469 0.266562 0.012500 0.269716 0.017188 0.279180 0.021875 0.279180 0.025000 0.282334 0.025781 0.285489 0.032031 0.290221 0.036719 0.299685 0.043750 0.305994 0.057031 0.305994 0.059375 0.309148 0.075781 0.309148 0.078125 0.313880 0.078125 0.321767 0.080469 0.334385 0.076563 0.343849 0.083594 0.351735 0.092969 0.342271 0.098437 0.331230 0.100000 0.321767 0.100781 0.290221 0.103906 0.282334 0.107813 0.283912 0.108594 0.272871 0.111719 0.264984 0.111719 0.257098 0.107813 0.258675 0.099219 0.252366 0.085156 0.252366 0.082031 0.249211 0.080469 0.242902 0.069531 0.244479 0.045312 0.238170 0.028125 0.238170 0.006250 0.231861 0.002344 0.227129
0 0.104688 0.359621 0.099219 0.364353 0.090625 0.359621 0.089063 0.365931 0.087500 0.515773 0.088281 0.525237 0.089844 0.528391 0.092969 0.528391 0.100000 0.520505 0.107813 0.517350 0.108594 0.511041 0.107031 0.365931
1 0.071875 0.356467 0.069531 0.364353 0.069531 0.425868 0.067187 0.528391 0.069531 0.548896 0.071875 0.553628 0.076563 0.555205 0.084375 0.544164 0.088281 0.531546 0.089063 0.362776 0.088281 0.358044
0 0.005469 0.272871 0.000000 0.277603 0.000000 0.447950 0.017969 0.449527 0.020313 0.447950 0.023438 0.440063 0.025781 0.394322 0.028125 0.378549 0.029687 0.375394 0.034375 0.373817 0.039062 0.367508 0.057813 0.372240 0.060937 0.375394 0.068750 0.375394 0.068750 0.353312 0.064062 0.340694 0.064062 0.326498 0.059375 0.312303 0.048438 0.312303 0.032031 0.293375 0.025000 0.288644 0.020313 0.282334 0.017969 0.282334 0.012500 0.274448
