1 0.278906 0.091757 0.277344 0.097978 0.278906 0.105754 0.280469 0.105754 0.281250 0.093313
1 0.342969 0.006221 0.342187 0.017107 0.346094 0.027994 0.353906 0.040435 0.357031 0.049767 0.367188 0.068429 0.368750 0.074650 0.382031 0.099533 0.383594 0.105754 0.396875 0.130638 0.398438 0.136858 0.411719 0.161742 0.415625 0.172628 0.421094 0.180404 0.427344 0.195956 0.435156 0.209953 0.435937 0.214619 0.450781 0.242613 0.453125 0.250389 0.465625 0.273717 0.467187 0.279938 0.503125 0.351477 0.523438 0.396579 0.538281 0.423017 0.546094 0.441680 0.560937 0.469673 0.562500 0.475894 0.603125 0.558320 0.607031 0.562986 0.611719 0.562986 0.610156 0.556765 0.609375 0.514774 0.607812 0.503888 0.606250 0.466563 0.603906 0.449456 0.600781 0.405910 0.599219 0.360809 0.594531 0.300156 0.594531 0.284603 0.591406 0.255054 0.585938 0.237947 0.577344 0.222395 0.560937 0.185070 0.546875 0.158631 0.528906 0.119751 0.518750 0.104199 0.513281 0.091757 0.510156 0.088647 0.507812 0.080871 0.494531 0.059098 0.467969 0.004666 0.453906 0.004666 0.452344 0.000000 0.448437 0.000000 0.446875 0.004666 0.446094 0.000000 0.434375 0.000000 0.433594 0.004666 0.428906 0.004666 0.428125 0.000000 0.426563 0.004666 0.421875 0.004666 0.421094 0.000000 0.418750 0.000000 0.417969 0.004666 0.406250 0.004666 0.405469 0.000000 0.403125 0.000000 0.402344 0.004666 0.391406 0.004666 0.390625 0.000000 0.385937 0.000000 0.385156 0.004666 0.383594 0.004666 0.382812 0.000000 0.379688 0.000000 0.378906 0.004666 0.375000 0.004666 0.374219 0.000000 0.371094 0.000000 0.370312 0.004666 0.367969 0.004666 0.367188 0.000000 0.364063 0.000000 0.363281 0.004666
1 0.061719 0.402799 0.058594 0.413686 0.060937 0.430793 0.125781 0.564541 0.217969 0.748056 0.242188 0.805599 0.332031 0.987558 0.336719 0.992224 0.457031 0.993779 0.460938 0.990669 0.459375 0.982893 0.447656 0.961120 0.412500 0.886470 0.389062 0.842924 0.371875 0.805599 0.319531 0.702955 0.309375 0.679627 0.290625 0.645412 0.263281 0.590980 0.253906 0.569207 0.225781 0.516330 0.211719 0.483670 0.190625 0.441680 0.181250 0.426128 0.178125 0.416796 0.165625 0.393468 0.156250 0.371695 0.141406 0.345257 0.134375 0.329705 0.131250 0.318818 0.122656 0.301711 0.115625 0.301711 0.107031 0.318818 0.099219 0.329705 0.071094 0.387247
1 0.000000 0.524106 0.000000 0.640747 0.002344 0.642302 0.003125 0.650078 0.014063 0.667185 0.014844 0.673406 0.025781 0.696734 0.029687 0.701400 0.029687 0.707621 0.037500 0.720062 0.053906 0.757387 0.067187 0.780715 0.070312 0.790047 0.082812 0.811820 0.132031 0.914463 0.171094 0.990669 0.192188 0.993779 0.307812 0.993779 0.326562 0.992224 0.328906 0.989114 0.320312 0.967341 0.231250 0.788491 0.207813 0.732504 0.137500 0.594090 0.129688 0.575428 0.085938 0.489891 0.084375 0.483670 0.079687 0.477449 0.071094 0.460342 0.069531 0.454121 0.057031 0.432348 0.053125 0.429238 0.048438 0.429238 0.044531 0.433904 0.017188 0.488336 0.014844 0.496112 0.003906 0.516330 0.002344 0.522551
0 0.618750 0.623639 0.617969 0.642302 0.622656 0.718507 0.623437 0.765163 0.619531 0.772939 0.612500 0.774495 0.611719 0.779160 0.624219 0.810264 0.642188 0.846034 0.646875 0.849145 0.655469 0.835148 0.680469 0.780715 0.685937 0.765163 0.685156 0.754277 0.665625 0.715397 0.623437 0.626750
0 0.603906 0.774495 0.597656 0.776050 0.591406 0.788491 0.589063 0.814930 0.591406 0.852255 0.591406 0.877138 0.595313 0.911353 0.596875 0.950233 0.599219 0.959565 0.603125 0.956454 0.609375 0.944012 0.642969 0.866252 0.643750 0.855365 0.617969 0.797823
0 0.607031 0.968896 0.605469 0.973561 0.607812 0.981337
0 0.649219 0.858476 0.649219 0.867807 0.653906 0.872473 0.669531 0.902022 0.687500 0.940902 0.714063 0.992224 0.800000 0.993779 0.803125 0.989114 0.763281 0.909798 0.756250 0.889580 0.728906 0.841369 0.717187 0.814930 0.696875 0.774495 0.693750 0.771384 0.689063 0.771384
0 0.597656 0.270607 0.595313 0.275272 0.596875 0.323484 0.600000 0.359253 0.603125 0.424572 0.607031 0.461897 0.610938 0.536547 0.614062 0.569207 0.618750 0.583204 0.633594 0.611198 0.685937 0.720062 0.698438 0.737170 0.707812 0.734059 0.712500 0.727838 0.716406 0.718507 0.714844 0.709176 0.720313 0.699844 0.727344 0.693624 0.729688 0.687403 0.732812 0.685848 0.738281 0.670295 0.753125 0.640747 0.765625 0.623639 0.767188 0.615863 0.744531 0.562986 0.718750 0.511664 0.670312 0.407465 0.645312 0.357698 0.640625 0.351477 0.624219 0.312597 0.607812 0.279938 0.600000 0.270607
0 0.714844 0.704510 0.714844 0.716952 0.710156 0.726283 0.706250 0.738725 0.705469 0.755832 0.708594 0.765163 0.743750 0.841369 0.758594 0.869362 0.761719 0.878694 0.804688 0.962675 0.815625 0.989114 0.826562 0.992224 0.882031 0.992224 0.889062 0.987558 0.892188 0.958009 0.892188 0.934681 0.896875 0.931571 0.900000 0.925350 0.902344 0.902022 0.900000 0.897356 0.894531 0.894246 0.892969 0.891135 0.890625 0.872473 0.876563 0.841369 0.875000 0.835148 0.856250 0.797823 0.840625 0.762053 0.817187 0.716952 0.814844 0.709176 0.804688 0.690513 0.777344 0.631415 0.771094 0.626750 0.758594 0.632970 0.751563 0.642302 0.732031 0.684292 0.728125 0.684292 0.719531 0.699844 0.717187 0.699844
0 0.930469 0.847589 0.930469 0.850700 0.932031 0.852255 0.932813 0.847589
0 0.923438 0.870918 0.923438 0.891135 0.928125 0.891135 0.937500 0.877138 0.939844 0.881804 0.940625 0.895801 0.935156 0.909798 0.935156 0.928460 0.936719 0.925350 0.939844 0.926905 0.940625 0.939347 0.942187 0.942457 0.947656 0.944012 0.948438 0.958009 0.965625 0.992224 0.968750 0.995334 1.000000 0.995334 1.000000 0.894246 0.998437 0.894246 0.977344 0.849145 0.974219 0.846034 0.955469 0.886470 0.951562 0.886470 0.945312 0.874028 0.943750 0.867807 0.942187 0.869362 0.941406 0.875583 0.938281 0.878694 0.936719 0.867807 0.932031 0.861586 0.929688 0.866252
0 0.600781 0.972006 0.601562 0.981337 0.610938 0.995334 0.709375 0.995334 0.711719 0.989114 0.689063 0.945568 0.664844 0.894246 0.653906 0.874028 0.647656 0.867807 0.645312 0.867807 0.637500 0.883359 0.604688 0.959565
1 0.583594 0.805599 0.582031 0.810264 0.582031 0.818040 0.584375 0.821151 0.585938 0.816485 0.585156 0.807154
1 0.587500 0.849145 0.585938 0.877138 0.588281 0.895801 0.589063 0.867807
0 0.644531 0.000000 0.644531 0.012442 0.665625 0.054432 0.675000 0.068429 0.716406 0.158631 0.722656 0.167963 0.732031 0.189736 0.735938 0.194401 0.743750 0.209953 0.748437 0.222395 0.753125 0.227061 0.762500 0.247278 0.763281 0.251944 0.768750 0.258165 0.773438 0.267496 0.778906 0.284603 0.782813 0.287714 0.796094 0.314152 0.800781 0.314152 0.802344 0.307932 0.814063 0.287714 0.821875 0.269051 0.830469 0.255054 0.835938 0.241058 0.843750 0.228616 0.871875 0.172628 0.872656 0.158631 0.867188 0.143079 0.839063 0.088647 0.836719 0.080871 0.823438 0.055988 0.821094 0.048212 0.811719 0.031104 0.800781 0.006221 0.796875 0.003110 0.796875 0.000000
1 0.000000 0.730949 0.000000 0.950233 0.039844 0.950233 0.041406 0.953344 0.041406 0.976672 0.040625 0.978227 0.039062 0.972006 0.035156 0.972006 0.035937 0.978227 0.039062 0.981337 0.103125 0.981337 0.108594 0.993779 0.110937 0.995334 0.156250 0.995334 0.164844 0.993779 0.166406 0.990669 0.164062 0.979782 0.033594 0.720062 0.028125 0.718507 0.010937 0.735614 0.007031 0.735614 0.003125 0.730949
1 0.103906 0.000000 0.102344 0.000000 0.100000 0.004666 0.094531 0.004666 0.093750 0.000000 0.082812 0.000000 0.082031 0.004666 0.074219 0.004666 0.073438 0.000000 0.066406 0.000000 0.064844 0.004666 0.062500 0.004666 0.060156 0.000000 0.018750 0.000000 0.017188 0.004666 0.015625 0.000000 0.012500 0.000000 0.010156 0.004666 0.008594 0.000000 0.002344 0.000000 0.002344 0.003110 0.000000 0.004666 0.000000 0.306376 0.001563 0.306376 0.014844 0.335925 0.029687 0.363919 0.039062 0.387247 0.044531 0.396579 0.048438 0.399689 0.054688 0.395023 0.067969 0.371695 0.130469 0.247278 0.153906 0.178849 0.155469 0.166407 0.163281 0.143079 0.167187 0.122862 0.165625 0.110420 0.157031 0.097978 0.146875 0.076205 0.136719 0.059098 0.124219 0.034215 0.114062 0.009331 0.110156 0.004666 0.104688 0.004666
1 0.114844 0.000000 0.114844 0.004666 0.169531 0.111975 0.173437 0.116641 0.177344 0.115086 0.182812 0.104199 0.185938 0.091757 0.192969 0.074650 0.215625 0.006221 0.215625 0.000000
0 0.588281 0.993779 0.588281 1.000000 0.609375 1.000000 0.609375 0.995334 0.600000 0.978227 0.595313 0.976672
0 0.807813 0.004666 0.806250 0.007776 0.806250 0.012442 0.842969 0.087092 0.846094 0.096423 0.859375 0.121306 0.860938 0.127527 0.892969 0.185070 0.896875 0.195956 0.917188 0.234837 0.934375 0.275272 0.957031 0.318818 0.963281 0.323484 0.969531 0.300156 0.976562 0.283048 0.978125 0.272162 0.982031 0.261275 0.986719 0.255054 0.990625 0.237947 0.996094 0.228616 0.998437 0.220840 1.000000 0.220840 1.000000 0.026439 0.998437 0.026439 0.990625 0.009331 0.985938 0.004666 0.985156 0.000000 0.878906 0.000000 0.878125 0.004666 0.874219 0.004666 0.873437 0.000000 0.864844 0.000000 0.863281 0.004666 0.850781 0.004666 0.850000 0.000000 0.848437 0.004666 0.835156 0.004666 0.833594 0.000000 0.832812 0.004666
1 0.487500 0.000000 0.488281 0.012442 0.493750 0.026439 0.501563 0.037325 0.514062 0.063764 0.517969 0.066874 0.545312 0.122862 0.548438 0.125972 0.567187 0.163297 0.570312 0.172628 0.597656 0.225505 0.600781 0.234837 0.628906 0.290824 0.636719 0.311042 0.643750 0.321928 0.645312 0.328149 0.652344 0.340591 0.659375 0.357698 0.701562 0.441680 0.716406 0.475894 0.731250 0.505443 0.732812 0.511664 0.735938 0.514774 0.768750 0.581649 0.771094 0.589425 0.783594 0.611198 0.805469 0.660964 0.816406 0.681182 0.828125 0.707621 0.830469 0.709176 0.835938 0.723173 0.846875 0.743390 0.850000 0.752722 0.861719 0.774495 0.865625 0.785381 0.880469 0.813375 0.881250 0.818040 0.904687 0.864697 0.908594 0.867807 0.914062 0.853810 0.919531 0.819596 0.922656 0.807154 0.923438 0.796267 0.928125 0.780715 0.932031 0.749611 0.935937 0.734059 0.935937 0.726283 0.939063 0.715397 0.939844 0.702955 0.946875 0.671851 0.948438 0.650078 0.946094 0.640747 0.931250 0.609642 0.929688 0.603421 0.917969 0.581649 0.907031 0.556765 0.892969 0.531882 0.885938 0.530327 0.884375 0.520995 0.881250 0.520995 0.876563 0.514774 0.878125 0.511664 0.880469 0.511664 0.881250 0.506998 0.874219 0.505443 0.872656 0.502333 0.870313 0.491446 0.870313 0.483670 0.867969 0.475894 0.839844 0.416796 0.794531 0.328149 0.789844 0.315708 0.778906 0.295490 0.683594 0.094868 0.639062 0.006221 0.633594 0.004666 0.632031 0.000000 0.621094 0.000000 0.620313 0.004666 0.617969 0.004666 0.617188 0.000000 0.605469 0.000000 0.604688 0.004666 0.600781 0.004666 0.600000 0.000000 0.597656 0.004666 0.594531 0.004666 0.592969 0.000000 0.591406 0.000000 0.590625 0.004666 0.578906 0.004666 0.578125 0.000000 0.575000 0.000000 0.574219 0.004666 0.563281 0.004666 0.562500 0.000000 0.559375 0.000000 0.557813 0.004666 0.553906 0.004666 0.553125 0.000000 0.551562 0.000000 0.550781 0.004666 0.547656 0.004666 0.546875 0.000000 0.543750 0.000000 0.542969 0.004666 0.538281 0.004666 0.537500 0.000000 0.535937 0.004666 0.532031 0.004666 0.531250 0.000000 0.526563 0.000000 0.525781 0.004666 0.523438 0.004666 0.522656 0.000000 0.520312 0.000000 0.518750 0.004666 0.517188 0.004666 0.516406 0.000000
0 0.879687 0.169518 0.870313 0.183515 0.840625 0.244168 0.832812 0.256610 0.811719 0.298600 0.810937 0.303266 0.803125 0.317263 0.802344 0.329705 0.807031 0.342146 0.818750 0.362364 0.824219 0.377916 0.848437 0.427683 0.853125 0.440124 0.857031 0.444790 0.882812 0.493002 0.885156 0.502333 0.892188 0.516330 0.892969 0.520995 0.905469 0.545879 0.915625 0.570762 0.920312 0.576983 0.930469 0.601866 0.935156 0.608087 0.946875 0.632970 0.952344 0.632970 0.955469 0.628305 0.956250 0.614308 0.959375 0.604977 0.965625 0.570762 0.967969 0.550544 0.970313 0.542768 0.972656 0.517885 0.978906 0.493002 0.982031 0.469673 0.990625 0.426128 0.989844 0.399689 0.980469 0.377916 0.966406 0.357698 0.962500 0.348367 0.960938 0.335925 0.955469 0.318818 0.932031 0.273717 0.915625 0.234837 0.896094 0.199067 0.882812 0.171073
1 0.000000 0.325039 0.000000 0.496112 0.002344 0.496112 0.039062 0.421462 0.039844 0.404355 0.035937 0.393468 0.014063 0.351477 0.003125 0.326594
1 0.587500 0.776050 0.586719 0.782271 0.588281 0.783826
1 0.177344 0.146190 0.169531 0.164852 0.165625 0.180404 0.163281 0.199067 0.160156 0.205288 0.152344 0.234837 0.141406 0.259720 0.138281 0.273717 0.131250 0.284603 0.127344 0.297045 0.127344 0.307932 0.132031 0.315708 0.132031 0.321928 0.139063 0.339036 0.153906 0.365474 0.189844 0.438569 0.201563 0.458787 0.231250 0.524106 0.289844 0.640747 0.310156 0.678072 0.317188 0.693624 0.317969 0.698289 0.371094 0.800933 0.381250 0.825816 0.407813 0.875583 0.411719 0.886470 0.416406 0.892691 0.426563 0.912908 0.428125 0.919129 0.432812 0.923795 0.449219 0.959565 0.459375 0.970451 0.460156 0.979782 0.465625 0.982893 0.467969 0.989114 0.470313 0.990669 0.584375 0.989114 0.589844 0.973561 0.589063 0.964230 0.585938 0.951788 0.581250 0.945568 0.571094 0.925350 0.567969 0.916019 0.563281 0.911353 0.553906 0.888025 0.550000 0.883359 0.539844 0.863142 0.538281 0.855365 0.534375 0.852255 0.523438 0.828927 0.523438 0.825816 0.516406 0.816485 0.512500 0.805599 0.508594 0.799378 0.507812 0.794712 0.497656 0.777605 0.492188 0.762053 0.488281 0.757387 0.477344 0.732504 0.473438 0.727838 0.463281 0.707621 0.460938 0.699844 0.457813 0.696734 0.446875 0.671851 0.434375 0.650078 0.431250 0.640747 0.388281 0.556765 0.383594 0.544323 0.364063 0.506998 0.355469 0.486781 0.350000 0.479005 0.339062 0.454121 0.332813 0.444790 0.324219 0.423017 0.320312 0.418351 0.316406 0.407465 0.292187 0.359253 0.289062 0.356143 0.284375 0.343701 0.268750 0.312597 0.255469 0.290824 0.251563 0.289269 0.251563 0.279938 0.244531 0.265941 0.237500 0.256610 0.236719 0.250389 0.232813 0.241058 0.226562 0.233281 0.225000 0.227061 0.221094 0.230171 0.220312 0.228616 0.221875 0.220840 0.216406 0.208398 0.210156 0.200622 0.210156 0.197512 0.202344 0.181960 0.202344 0.178849 0.196875 0.171073 0.193750 0.161742 0.182031 0.144635
1 0.275000 0.110420 0.275000 0.113530 0.277344 0.113530
1 0.267188 0.094868 0.267188 0.097978 0.269531 0.097978
1 0.258594 0.079316 0.258594 0.082426 0.262500 0.082426 0.260937 0.079316
1 0.251563 0.063764 0.250781 0.066874 0.253906 0.068429 0.256250 0.074650 0.256250 0.065319
1 0.243750 0.049767 0.248438 0.052877 0.248438 0.049767
1 0.235156 0.034215 0.235937 0.037325 0.240625 0.037325 0.240625 0.034215
1 0.196094 0.437014 0.196875 0.440124 0.199219 0.440124 0.201563 0.446345 0.201563 0.438569
1 0.146094 0.343701 0.146094 0.346812 0.147656 0.346812
1 0.131250 0.312597 0.139063 0.334370 0.139063 0.312597
1 0.138281 0.272162 0.137500 0.275272 0.139063 0.276827
1 0.221094 0.009331 0.217969 0.020218 0.217969 0.024883 0.215625 0.029549 0.212500 0.031104 0.210156 0.041991 0.204687 0.054432 0.200781 0.071540 0.189062 0.102644 0.186719 0.119751 0.182812 0.127527 0.187500 0.141524 0.246094 0.262830 0.321094 0.412131 0.332813 0.438569 0.371094 0.513219 0.378125 0.530327 0.391406 0.555210 0.393750 0.562986 0.500781 0.776050 0.516406 0.810264 0.566406 0.908243 0.570312 0.912908 0.578906 0.930016 0.581250 0.937792 0.587500 0.945568 0.589844 0.945568 0.592187 0.950233 0.592187 0.895801 0.590625 0.888025 0.587500 0.813375 0.588281 0.793157 0.593750 0.771384 0.592969 0.754277 0.543750 0.651633 0.528125 0.622084 0.517969 0.598756 0.496875 0.558320 0.495312 0.552100 0.482031 0.527216 0.446094 0.452566 0.441406 0.440124 0.389062 0.337481 0.387500 0.337481 0.382031 0.325039 0.377344 0.318818 0.375000 0.307932 0.359375 0.276827 0.356250 0.275272 0.350000 0.264386 0.345313 0.262830 0.345313 0.250389 0.343750 0.242613 0.320312 0.199067 0.318750 0.192846 0.267188 0.088647 0.264844 0.080871 0.250781 0.054432 0.248438 0.046656 0.228906 0.009331
1 0.298438 0.141524 0.298438 0.144635 0.300781 0.144635 0.303125 0.152411 0.303906 0.143079
1 0.294531 0.119751 0.292187 0.129082 0.293750 0.135303 0.296094 0.136858 0.296875 0.119751
1 0.309375 0.116641 0.307812 0.121306 0.310937 0.122862 0.311719 0.119751 0.310937 0.116641
1 0.282813 0.111975 0.286719 0.115086 0.286719 0.121306 0.288281 0.119751 0.287500 0.111975
1 0.282813 0.068429 0.282031 0.090202 0.290625 0.090202 0.293750 0.093313 0.298438 0.090202 0.295312 0.082426 0.289844 0.087092 0.285938 0.085537 0.284375 0.079316 0.288281 0.073095
1 0.255469 0.045101 0.254688 0.051322 0.256250 0.052877 0.257031 0.048212
1 0.240625 0.007776 0.238281 0.013997 0.238281 0.021773 0.246094 0.035770 0.247656 0.043546 0.250000 0.041991 0.250781 0.035770 0.254688 0.031104 0.264062 0.032659 0.265625 0.035770 0.265625 0.051322 0.261719 0.062208 0.263281 0.074650 0.264844 0.073095 0.266406 0.060653 0.274219 0.059098 0.281250 0.062208 0.282813 0.065319 0.289844 0.060653 0.289844 0.057543 0.282031 0.048212 0.280469 0.040435 0.278906 0.038880 0.278906 0.034215 0.282031 0.034215 0.286719 0.043546 0.291406 0.048212 0.292969 0.059098 0.295312 0.060653 0.298438 0.057543 0.311719 0.088647 0.314063 0.088647 0.319531 0.097978 0.328125 0.121306 0.333594 0.127527 0.336719 0.138414 0.342969 0.149300 0.343750 0.153966 0.349219 0.160187 0.352344 0.171073 0.357812 0.180404 0.357812 0.185070 0.355469 0.189736 0.350000 0.189736 0.345313 0.186625 0.342187 0.174184 0.335938 0.171073 0.332813 0.158631 0.328906 0.157076 0.326562 0.149300 0.325000 0.149300 0.321875 0.157076 0.321875 0.161742 0.323437 0.164852 0.322656 0.167963 0.315625 0.166407 0.315625 0.158631 0.311719 0.150855 0.306250 0.157076 0.306250 0.160187 0.309375 0.164852 0.309375 0.167963 0.312500 0.172628 0.314063 0.178849 0.318750 0.185070 0.329688 0.211509 0.334375 0.217729 0.342969 0.237947 0.352344 0.253499 0.360938 0.275272 0.365625 0.281493 0.375000 0.303266 0.381250 0.312597 0.390625 0.334370 0.399219 0.348367 0.446875 0.451011 0.527344 0.612753 0.529687 0.620529 0.542969 0.645412 0.546094 0.654743 0.585156 0.732504 0.595313 0.755832 0.603125 0.768274 0.610938 0.774495 0.619531 0.774495 0.624219 0.754277 0.624219 0.744946 0.622656 0.740280 0.621094 0.690513 0.617969 0.657854 0.617969 0.622084 0.610156 0.600311 0.604688 0.592535 0.595313 0.572317 0.594531 0.567652 0.574219 0.527216 0.570312 0.516330 0.542188 0.460342 0.539844 0.452566 0.515625 0.405910 0.508594 0.388802 0.470313 0.312597 0.468750 0.306376 0.455469 0.283048 0.454688 0.278383 0.439844 0.250389 0.438281 0.244168 0.425000 0.220840 0.422656 0.211509 0.414844 0.195956 0.411719 0.192846 0.399219 0.164852 0.393750 0.157076 0.392969 0.152411 0.359375 0.085537 0.358594 0.080871 0.344531 0.054432 0.342969 0.048212 0.323437 0.009331 0.318750 0.004666 0.292969 0.004666 0.284375 0.007776 0.280469 0.013997 0.271094 0.004666 0.251563 0.006221 0.249219 0.004666 0.248438 0.000000 0.246875 0.004666
