1 0.108594 0.000000 0.108594 0.006240 0.141406 0.071763 0.167187 0.117005 0.176563 0.127925 0.182812 0.127925 0.193750 0.115445 0.197656 0.115445 0.200781 0.107644 0.204687 0.104524 0.214062 0.090484 0.220312 0.078003 0.219531 0.065523 0.203906 0.034321 0.200000 0.023401 0.191406 0.007800 0.187500 0.004680 0.186719 0.000000
1 0.778906 0.652106 0.778125 0.659906 0.771875 0.675507 0.771875 0.683307 0.765625 0.687988 0.766406 0.698908 0.775000 0.719189 0.812500 0.794072 0.815625 0.797192 0.853125 0.876755 0.856250 0.879875 0.858594 0.887676 0.898438 0.965679 0.905469 0.984399 0.914062 0.996880 0.914062 1.000000 0.985938 1.000000 0.989062 0.987520 0.987500 0.985959 0.985156 0.973479 0.974219 0.951638 0.971875 0.950078 0.969531 0.942278 0.958594 0.920437 0.955469 0.917317 0.953906 0.911076 0.943750 0.890796 0.941406 0.889236 0.929688 0.862715 0.925000 0.856474 0.913281 0.829953 0.909375 0.825273 0.853125 0.709828 0.811719 0.630265 0.803125 0.620905 0.799219 0.624025 0.794531 0.620905 0.793750 0.628705 0.785937 0.644306 0.785156 0.650546 0.783594 0.653666
1 0.517188 0.009360 0.517188 0.014041 0.521875 0.020281 0.521094 0.028081 0.523438 0.028081 0.525000 0.034321 0.526563 0.031201 0.528906 0.031201 0.530469 0.034321 0.529687 0.043682 0.532813 0.059282 0.536719 0.062402 0.540625 0.070203 0.542188 0.070203 0.546875 0.081123 0.548438 0.090484 0.557031 0.101404 0.560937 0.109204 0.564063 0.121685 0.569531 0.127925 0.577344 0.143526 0.579688 0.151326 0.591406 0.171607 0.595313 0.182527 0.607812 0.204368 0.625781 0.243370 0.771875 0.533541 0.775781 0.538222 0.778906 0.547582 0.788281 0.564743 0.791406 0.567863 0.793750 0.575663 0.800000 0.583463 0.802344 0.589704 0.807031 0.588144 0.814063 0.574103 0.815625 0.566303 0.821875 0.560062 0.828125 0.547582 0.831250 0.544462 0.825000 0.521061 0.789062 0.447738 0.783594 0.433697 0.728125 0.322933 0.717187 0.297972 0.665625 0.196568 0.656250 0.173167 0.649219 0.160686 0.647656 0.154446 0.642188 0.146646 0.640625 0.140406 0.625781 0.112324 0.615625 0.088924 0.610938 0.082683 0.608594 0.074883 0.594531 0.048362 0.592187 0.040562 0.583594 0.023401 0.578906 0.017161 0.576562 0.009360 0.570312 0.004680 0.569531 0.000000 0.561719 0.000000 0.560937 0.004680 0.526563 0.004680 0.519531 0.006240
1 0.478125 0.000000 0.478125 0.004680 0.506250 0.059282 0.512500 0.074883 0.515625 0.078003 0.525781 0.098284 0.526563 0.104524 0.522656 0.112324 0.521875 0.121685 0.775000 0.627145 0.778906 0.631825 0.787500 0.627145 0.797656 0.608424 0.799219 0.599064 0.798438 0.586583 0.735156 0.463339 0.506250 0.006240 0.502344 0.004680 0.501563 0.000000
1 0.714063 0.987520 0.716406 0.990640 0.726562 0.989080
1 0.698438 0.987520 0.700000 0.990640 0.711719 0.989080
1 0.751563 0.642746 0.750000 0.647426 0.750000 0.655226 0.751563 0.659906 0.755469 0.663027 0.758594 0.670827 0.764062 0.669267 0.757812 0.656786 0.757031 0.650546
1 0.743750 0.631825 0.742969 0.638066 0.746094 0.638066 0.746094 0.634945
1 0.735938 0.616225 0.735938 0.624025 0.739844 0.622465
1 0.626563 0.397816 0.626563 0.402496 0.628125 0.402496
1 0.407031 0.007800 0.406250 0.026521 0.403906 0.031201 0.394531 0.034321 0.400781 0.073323 0.398438 0.081123 0.398438 0.090484 0.396094 0.095164 0.396094 0.104524 0.389844 0.110764 0.388281 0.120125 0.382812 0.127925 0.383594 0.135725 0.380469 0.145086 0.383594 0.159126 0.422656 0.238690 0.425000 0.240250 0.431250 0.254290 0.435156 0.258970 0.436719 0.265211 0.469531 0.330733 0.471875 0.332293 0.476562 0.344774 0.498437 0.385335 0.500000 0.391576 0.504687 0.396256 0.507031 0.404056 0.511719 0.410296 0.515625 0.421217 0.519531 0.425897 0.522656 0.435257 0.527344 0.441498 0.531250 0.452418 0.540625 0.471139 0.542969 0.472699 0.556250 0.502340 0.560156 0.503900 0.562500 0.511700 0.568750 0.522621 0.570312 0.530421 0.575000 0.535101 0.584375 0.553822 0.585938 0.561622 0.590625 0.566303 0.600000 0.585023 0.602344 0.594384 0.607031 0.597504 0.609375 0.605304 0.616406 0.617785 0.617188 0.622465 0.621875 0.628705 0.625781 0.639626 0.628125 0.641186 0.632812 0.653666 0.646875 0.678627 0.650781 0.689548 0.653125 0.691108 0.657813 0.702028 0.662500 0.708268 0.665625 0.719189 0.668750 0.720749 0.671875 0.730109 0.676562 0.736349 0.682031 0.750390 0.685937 0.751950 0.689063 0.762871 0.692969 0.764431 0.699219 0.778471 0.707031 0.784711 0.711719 0.797192 0.714063 0.797192 0.720313 0.814353 0.721875 0.814353 0.725781 0.822153 0.725781 0.825273 0.732812 0.836193 0.735938 0.853354 0.739844 0.856474 0.743750 0.867395 0.748437 0.873635 0.750000 0.887676 0.751563 0.890796 0.756250 0.892356 0.758594 0.904836 0.762500 0.907956 0.767969 0.921997 0.771094 0.921997 0.772656 0.925117 0.773438 0.934477 0.779687 0.942278 0.782031 0.953198 0.787500 0.957878 0.789062 0.967239 0.793750 0.971919 0.798438 0.985959 0.806250 0.995320 0.807031 1.000000 0.890625 1.000000 0.891406 0.995320 0.900781 0.995320 0.903906 0.989080 0.898438 0.979719 0.896875 0.971919 0.892188 0.967239 0.890625 0.956318 0.883594 0.945398 0.882812 0.940718 0.876563 0.929797 0.875781 0.925117 0.865625 0.904836 0.863281 0.903276 0.858594 0.890796 0.856250 0.889236 0.850000 0.875195 0.847656 0.873635 0.842187 0.859594 0.840625 0.859594 0.834375 0.847114 0.832031 0.845554 0.826562 0.828393 0.817969 0.812793 0.814063 0.809672 0.813281 0.800312 0.798438 0.772231 0.798438 0.769111 0.787500 0.748830 0.785156 0.747270 0.782031 0.736349 0.778125 0.731669 0.771875 0.717629 0.767969 0.716069 0.766406 0.706708 0.755469 0.684867 0.751563 0.683307 0.750781 0.673947 0.747656 0.670827 0.725000 0.625585 0.721094 0.620905 0.693750 0.561622 0.689063 0.555382 0.678125 0.528861 0.669531 0.514821 0.664844 0.502340 0.609375 0.391576 0.585938 0.349454 0.537500 0.252730 0.535156 0.244930 0.523438 0.224649 0.496875 0.171607 0.490625 0.156006 0.476562 0.131045 0.475000 0.123245 0.470313 0.118565 0.467187 0.110764 0.463281 0.109204 0.459375 0.093604 0.453125 0.081123 0.450781 0.079563 0.436719 0.049922 0.433594 0.046802 0.429688 0.035881 0.424219 0.028081 0.418750 0.015601 0.412500 0.006240
1 0.311719 0.000000 0.290625 0.000000 0.290625 0.004680 0.288281 0.009360 0.278906 0.018721 0.278906 0.023401 0.275000 0.029641 0.270313 0.043682 0.275000 0.053042 0.279687 0.051482 0.283594 0.043682 0.283594 0.039002 0.285156 0.035881 0.290625 0.034321 0.296875 0.028081 0.301563 0.018721 0.307031 0.012480 0.310156 0.004680 0.311719 0.004680
1 0.237500 0.000000 0.237500 0.004680 0.247656 0.024961 0.252344 0.024961 0.262500 0.004680 0.262500 0.000000
1 0.906250 0.000000 0.906250 0.006240 0.943750 0.085803 0.959375 0.113885 0.960938 0.120125 0.975000 0.146646 0.997656 0.196568 1.000000 0.196568 1.000000 0.090484 0.997656 0.088924 0.996875 0.084243 0.981250 0.054602 0.961719 0.012480 0.957812 0.006240 0.954688 0.004680 0.953906 0.000000
1 0.797656 0.000000 0.797656 0.006240 0.803125 0.021841 0.812500 0.039002 0.819531 0.056162 0.825000 0.063963 0.842187 0.098284 0.864062 0.146646 0.890625 0.198128 0.893750 0.207488 0.982812 0.388456 0.987500 0.391576 0.995313 0.380655 0.997656 0.368175 1.000000 0.366615 1.000000 0.313573 0.998437 0.313573 0.992969 0.299532 0.964844 0.244930 0.961719 0.235569 0.950000 0.215289 0.946875 0.205928 0.892188 0.096724 0.888281 0.085803 0.877344 0.065523 0.866406 0.040562 0.862500 0.035881 0.849219 0.007800 0.844531 0.004680 0.843750 0.000000 0.807813 0.000000 0.807031 0.004680 0.806250 0.000000
1 0.692969 0.004680 0.691406 0.012480 0.737500 0.102964 0.746875 0.124805 0.759375 0.148206 0.761719 0.156006 0.822656 0.277691 0.823438 0.282371 0.839844 0.315133 0.846094 0.324493 0.874219 0.385335 0.883594 0.400936 0.885938 0.408736 0.900000 0.435257 0.903906 0.446178 0.909375 0.453978 0.932813 0.502340 0.939063 0.510140 0.942187 0.507020 0.955469 0.480499 0.961719 0.458658 0.975000 0.433697 0.975000 0.430577 0.981250 0.416537 0.984375 0.404056 0.983594 0.394696 0.978906 0.382215 0.900781 0.226209 0.864062 0.148206 0.804688 0.029641 0.800781 0.024961 0.792969 0.006240 0.788281 0.004680 0.787500 0.000000 0.785937 0.004680 0.781250 0.004680 0.780469 0.000000 0.776563 0.000000 0.775781 0.004680 0.774219 0.003120 0.774219 0.000000 0.769531 0.000000 0.768750 0.004680 0.767188 0.004680 0.766406 0.000000 0.760938 0.000000 0.760156 0.004680 0.758594 0.003120 0.758594 0.000000 0.753906 0.000000 0.753125 0.004680 0.751563 0.004680 0.750781 0.000000 0.745313 0.000000 0.744531 0.004680 0.742969 0.003120 0.742969 0.000000 0.737500 0.000000 0.736719 0.004680 0.735156 0.003120 0.735156 0.000000 0.729688 0.000000 0.728906 0.004680 0.727344 0.004680 0.726562 0.000000 0.723437 0.000000 0.722656 0.004680 0.719531 0.004680 0.718750 0.000000 0.714844 0.000000 0.714063 0.004680 0.711719 0.004680 0.710938 0.000000 0.707031 0.000000 0.706250 0.004680
1 0.629687 0.642746 0.629687 0.645866 0.631250 0.647426 0.632031 0.642746
1 0.622656 0.624025 0.621875 0.630265 0.623437 0.633385
1 0.614062 0.611544 0.614062 0.614665 0.615625 0.616225 0.616406 0.613105
1 0.607031 0.594384 0.606250 0.599064 0.607812 0.602184
1 0.798438 0.588144 0.798438 0.606864 0.803125 0.603744 0.807031 0.609984 0.810937 0.605304 0.810937 0.595944 0.806250 0.602184
1 0.598437 0.580343 0.600000 0.586583 0.600781 0.581903
1 0.829688 0.538222 0.828906 0.546022 0.832812 0.546022 0.834375 0.552262 0.833594 0.542902
1 0.821875 0.525741 0.822656 0.528861 0.826562 0.528861 0.826562 0.525741
1 0.567969 0.517941 0.567187 0.521061 0.568750 0.522621
1 0.735938 0.460218 0.735156 0.466459 0.737500 0.466459 0.738281 0.463339
1 0.720313 0.429017 0.719531 0.433697 0.721875 0.435257
1 0.763281 0.399376 0.762500 0.402496 0.764062 0.405616
1 0.704688 0.399376 0.703906 0.402496 0.705469 0.404056 0.706250 0.400936
1 0.114844 0.488300 0.113281 0.496100 0.115625 0.499220
1 0.170313 0.480499 0.165625 0.488300 0.164062 0.494540 0.165625 0.500780 0.171875 0.496100 0.171875 0.485179
1 0.142187 0.287051 0.139063 0.299532 0.139844 0.308892 0.136719 0.313573 0.132031 0.315133 0.132031 0.318253 0.138281 0.324493 0.146875 0.347894 0.154688 0.361934 0.165625 0.386895 0.168750 0.388456 0.175000 0.399376 0.177344 0.411856 0.187500 0.436817 0.201563 0.463339 0.203125 0.469579 0.208594 0.477379 0.210156 0.483619 0.352344 0.767551 0.364063 0.787832 0.463281 0.989080 0.467969 0.993760 0.469531 1.000000 0.574219 1.000000 0.574219 0.987520 0.559375 0.956318 0.500781 0.843994 0.264062 0.372855 0.259375 0.366615 0.232813 0.312012 0.227344 0.305772 0.225781 0.299532 0.216406 0.280811 0.211719 0.276131 0.210156 0.268331 0.201563 0.251170 0.196875 0.246490 0.193750 0.235569 0.185938 0.224649 0.181250 0.223089 0.172656 0.234009 0.169531 0.246490 0.165625 0.246490 0.160938 0.252730 0.153906 0.268331
1 0.171875 0.469579 0.170313 0.482059 0.166406 0.488300 0.166406 0.494540 0.160156 0.502340 0.160938 0.508580 0.166406 0.521061 0.280469 0.739470 0.409375 0.996880 0.409375 1.000000 0.464062 1.000000 0.464062 0.995320 0.461719 0.987520 0.421875 0.906396 0.312500 0.692668 0.189844 0.449298 0.184375 0.449298
1 0.249219 0.884555 0.243750 0.884555 0.243750 0.887676 0.248438 0.889236
1 0.112500 0.488300 0.110156 0.499220 0.110156 0.507020 0.354687 0.996880 0.354687 1.000000 0.406250 1.000000 0.406250 0.993760 0.391406 0.960998 0.226562 0.636505 0.201563 0.592824 0.158594 0.508580 0.151562 0.497660 0.142969 0.496100 0.142187 0.482059 0.139063 0.472699 0.135937 0.468019 0.122656 0.468019
1 0.193750 0.000000 0.193750 0.006240 0.195312 0.010920 0.216406 0.049922 0.222656 0.065523 0.225000 0.065523 0.232813 0.054602 0.239844 0.051482 0.245312 0.035881 0.242969 0.024961 0.236719 0.015601 0.232031 0.004680 0.230469 0.004680 0.229687 0.000000
1 0.105469 0.820593 0.105469 0.825273 0.107031 0.826833 0.110156 0.840874 0.112500 0.842434 0.123438 0.862715 0.124219 0.867395 0.189062 0.996880 0.189062 1.000000 0.215625 1.000000 0.215625 0.995320 0.213281 0.989080 0.213281 0.973479 0.209375 0.953198 0.206250 0.946958 0.203906 0.934477 0.193750 0.903276 0.189844 0.898596 0.187500 0.889236 0.161719 0.862715 0.131250 0.840874 0.117188 0.834633 0.111719 0.825273 0.108594 0.823713 0.107813 0.817473
1 0.000000 0.589704 0.000000 0.611544 0.002344 0.613105 0.002344 0.619345 0.007031 0.633385 0.014063 0.642746 0.015625 0.652106 0.038281 0.697348 0.052344 0.719189 0.058594 0.723869 0.072656 0.726989 0.086719 0.739470 0.095312 0.751950 0.103906 0.769111 0.107031 0.780031 0.120313 0.806552 0.138281 0.817473 0.152344 0.829953 0.174219 0.842434 0.186719 0.856474 0.195312 0.870515 0.198437 0.872075 0.200781 0.886115 0.207813 0.901716 0.219531 0.937598 0.224219 0.956318 0.232031 1.000000 0.267188 1.000000 0.266406 0.992200 0.205469 0.870515 0.200781 0.872075 0.200000 0.870515 0.201563 0.862715 0.074219 0.608424 0.044531 0.553822 0.040625 0.553822 0.026562 0.570983 0.014063 0.574103 0.012500 0.577223 0.006250 0.580343 0.002344 0.589704
1 0.018750 0.758190 0.017969 0.762871 0.019531 0.769111 0.107813 0.945398 0.117188 0.967239 0.132812 0.996880 0.132812 1.000000 0.186719 1.000000 0.186719 0.995320 0.132031 0.882995 0.100781 0.820593 0.089063 0.801872 0.068750 0.761310 0.057813 0.753510 0.031250 0.755070
1 0.000000 0.630265 0.000000 0.714509 0.021875 0.716069 0.032813 0.723869 0.042188 0.722309 0.042188 0.711388 0.033594 0.691108 0.017969 0.663027 0.002344 0.630265
1 0.176563 0.993760 0.175781 1.000000 0.178906 1.000000 0.178906 0.993760
1 0.173437 0.973479 0.173437 0.984399 0.178125 0.982839 0.178125 0.979719 0.176563 0.979719
1 0.032031 0.761310 0.035937 0.762871 0.034375 0.759750
1 0.000000 0.751950 0.000000 0.843994 0.001563 0.843994 0.068750 0.979719 0.072656 0.990640 0.075781 0.993760 0.099219 0.995320 0.100000 1.000000 0.127344 1.000000 0.125000 0.982839 0.117969 0.968799 0.114844 0.965679 0.100781 0.934477 0.095312 0.926677 0.086719 0.906396 0.056250 0.847114 0.039062 0.809672 0.037500 0.809672 0.022656 0.780031 0.018750 0.776911 0.016406 0.767551 0.007031 0.753510
1 0.000000 0.848674 0.000000 0.959438 0.005469 0.964119 0.036719 0.964119 0.037500 0.992200 0.041406 0.995320 0.068750 0.995320 0.073438 0.989080 0.061719 0.968799 0.026562 0.897036 0.015625 0.878315 0.002344 0.848674
1 0.000000 0.549142 0.000000 0.552262 0.002344 0.552262 0.002344 0.549142
1 0.000000 0.297972 0.000000 0.447738 0.016406 0.463339 0.021875 0.474259 0.021875 0.480499 0.025000 0.486739 0.029687 0.485179 0.046094 0.449298 0.050000 0.436817 0.056250 0.424337 0.057813 0.416537 0.056250 0.408736 0.033594 0.360374 0.002344 0.297972
1 0.139844 0.252730 0.134375 0.251170 0.132812 0.262090 0.135156 0.263651
1 0.206250 0.096724 0.204687 0.096724 0.204687 0.099844
1 0.095312 0.000000 0.057813 0.000000 0.057813 0.003120 0.052344 0.012480 0.046094 0.028081 0.046094 0.046802 0.057031 0.065523 0.071094 0.096724 0.040625 0.190328 0.036719 0.198128 0.027344 0.227769 0.014844 0.260530 0.006250 0.288612 0.006250 0.301092 0.047656 0.385335 0.060156 0.404056 0.064844 0.400936 0.069531 0.393136 0.073438 0.380655 0.087500 0.352574 0.091406 0.338534 0.094531 0.333853 0.094531 0.324493 0.091406 0.316693 0.100000 0.302652 0.100781 0.263651 0.107813 0.235569 0.111719 0.226209 0.112500 0.219969 0.127344 0.195008 0.128125 0.187207 0.131250 0.179407 0.132031 0.166927 0.134375 0.162246 0.137500 0.160686 0.145313 0.141966 0.153125 0.137285 0.155469 0.132605 0.162500 0.129485 0.165625 0.123245 0.164844 0.117005 0.155469 0.098284 0.142969 0.079563 0.133594 0.059282 0.127344 0.051482 0.125781 0.045242 0.116406 0.029641 0.106250 0.007800 0.103125 0.004680 0.096094 0.004680
1 0.189062 0.207488 0.189062 0.215289 0.191406 0.223089 0.200781 0.244930 0.346094 0.530421 0.364844 0.570983 0.406250 0.650546 0.446094 0.731669 0.454688 0.745710 0.541406 0.920437 0.552344 0.939158 0.570312 0.978159 0.582031 0.995320 0.582812 1.000000 0.795312 1.000000 0.795312 0.987520 0.790625 0.975039 0.783594 0.964119 0.781250 0.956318 0.771875 0.937598 0.767969 0.932917 0.759375 0.912637 0.753125 0.903276 0.733594 0.861154 0.711719 0.817473 0.705469 0.808112 0.700781 0.795632 0.689844 0.776911 0.685156 0.764431 0.674219 0.745710 0.665625 0.725429 0.414062 0.226209 0.407813 0.216849 0.382031 0.163807 0.375781 0.154446 0.362500 0.127925 0.357031 0.121685 0.342969 0.093604 0.338281 0.090484 0.334375 0.078003 0.329688 0.078003 0.327344 0.081123 0.326562 0.088924 0.320312 0.096724 0.319531 0.104524 0.315625 0.112324 0.314063 0.121685 0.310937 0.127925 0.310156 0.135725 0.304688 0.143526 0.302344 0.152886 0.295312 0.157566 0.289844 0.166927 0.287500 0.176287 0.282813 0.182527 0.278125 0.184087 0.274219 0.180967 0.271094 0.173167 0.267188 0.168487 0.262500 0.156006 0.253906 0.152886 0.253125 0.151326 0.254688 0.143526 0.249219 0.137285 0.242969 0.137285 0.236719 0.143526 0.232031 0.154446 0.225781 0.159126 0.220312 0.170047 0.212500 0.179407 0.210938 0.184087 0.204687 0.184087 0.200000 0.188768
1 0.316406 0.049922 0.318750 0.054602 0.318750 0.048362
1 0.454688 0.979719 0.455469 0.993760 0.457813 0.987520
1 0.062500 0.538222 0.062500 0.556942 0.060156 0.563183 0.057031 0.564743 0.057031 0.567863 0.063281 0.583463 0.068750 0.591264 0.107031 0.667707 0.110937 0.678627 0.120313 0.692668 0.126562 0.709828 0.139063 0.730109 0.140625 0.736349 0.154688 0.762871 0.156250 0.769111 0.185156 0.825273 0.196094 0.850234 0.217188 0.889236 0.226562 0.911076 0.248438 0.951638 0.267188 0.992200 0.271094 0.996880 0.271094 1.000000 0.344531 1.000000 0.344531 0.978159 0.299219 0.887676 0.295312 0.882995 0.290625 0.870515 0.264062 0.820593 0.131250 0.553822 0.104688 0.503900 0.100781 0.499220 0.091406 0.503900 0.081250 0.525741 0.071875 0.533541 0.064062 0.535101
1 0.959375 0.000000 0.959375 0.006240 0.997656 0.085803 1.000000 0.085803 1.000000 0.000000
1 0.856250 0.000000 0.856250 0.004680 0.859375 0.009360 0.859375 0.012480 0.885156 0.063963 0.886719 0.070203 0.945312 0.185647 0.947656 0.193448 0.976562 0.249610 0.979688 0.258970 0.992188 0.280811 0.997656 0.294852 1.000000 0.294852 1.000000 0.201248 0.998437 0.201248 0.977344 0.159126 0.971875 0.145086 0.946094 0.095164 0.939063 0.078003 0.914844 0.031201 0.903906 0.006240 0.899219 0.004680 0.898438 0.000000
1 0.747656 0.366615 0.746875 0.372855 0.748437 0.374415 0.749219 0.369735
1 0.482031 0.124805 0.481250 0.129485 0.485156 0.135725 0.485938 0.140406 0.496875 0.159126 0.501563 0.173167 0.514062 0.196568 0.517188 0.207488 0.524219 0.218409 0.535937 0.241810 0.536719 0.246490 0.544531 0.258970 0.544531 0.262090 0.552344 0.276131 0.558594 0.291732 0.567187 0.305772 0.574219 0.324493 0.581250 0.333853 0.591406 0.358814 0.596875 0.365055 0.606250 0.383775 0.607031 0.388456 0.617969 0.405616 0.621875 0.416537 0.632812 0.436817 0.634375 0.443058 0.639062 0.452418 0.643750 0.457098 0.650000 0.472699 0.657031 0.483619 0.669531 0.511700 0.684375 0.538222 0.685156 0.542902 0.693750 0.560062 0.700000 0.569423 0.700781 0.574103 0.703906 0.575663 0.712500 0.592824 0.720313 0.614665 0.721875 0.614665 0.724219 0.622465 0.728125 0.627145 0.732031 0.639626 0.736719 0.634945 0.736719 0.644306 0.746875 0.667707 0.750000 0.670827 0.756250 0.684867 0.764062 0.694228 0.766406 0.687988 0.767969 0.673947 0.771094 0.670827 0.774219 0.661466 0.779687 0.664587 0.785937 0.655226 0.788281 0.636505 0.790625 0.631825 0.795312 0.631825 0.795312 0.627145 0.786719 0.627145 0.785937 0.631825 0.782813 0.636505 0.782031 0.642746 0.777344 0.652106 0.775781 0.652106 0.774219 0.658346 0.771094 0.659906 0.767969 0.666147 0.762500 0.653666 0.752344 0.641186 0.749219 0.628705 0.740625 0.616225 0.738281 0.619345 0.736719 0.625585 0.735938 0.608424 0.732812 0.595944 0.725000 0.588144 0.721875 0.592824 0.719531 0.591264 0.720313 0.580343 0.717187 0.564743 0.709375 0.556942 0.706250 0.561622 0.703906 0.558502 0.704688 0.549142 0.703125 0.538222 0.693750 0.524181 0.691406 0.524181 0.689844 0.527301 0.689063 0.525741 0.689063 0.514821 0.685156 0.500780 0.679688 0.496100 0.678125 0.491420 0.675000 0.496100 0.673438 0.494540 0.673438 0.482059 0.671094 0.471139 0.660156 0.460218 0.657813 0.453978 0.655469 0.439938 0.646094 0.429017 0.642188 0.421217 0.637500 0.404056 0.631250 0.397816 0.627344 0.402496 0.626563 0.388456 0.624219 0.379095 0.610938 0.357254 0.608594 0.346334 0.599219 0.333853 0.596094 0.327613 0.592969 0.315133 0.580469 0.296412 0.577344 0.283931 0.568750 0.274571 0.565625 0.274571 0.561719 0.252730 0.553125 0.243370 0.549219 0.246490 0.548438 0.232449 0.546094 0.221529 0.537500 0.210608 0.533594 0.215289 0.533594 0.204368 0.529687 0.188768 0.521875 0.180967 0.518750 0.184087 0.517188 0.182527 0.517969 0.174727 0.514062 0.157566 0.507812 0.152886 0.500000 0.152886 0.500781 0.140406 0.498437 0.126365 0.492188 0.123245
1 0.467187 0.096724 0.474219 0.115445 0.479687 0.117005 0.484375 0.107644 0.483594 0.098284 0.478906 0.093604 0.472656 0.093604
1 0.432031 0.034321 0.448437 0.063963 0.448437 0.067083 0.457031 0.076443 0.458594 0.082683 0.464062 0.082683 0.460938 0.076443 0.462500 0.071763 0.465625 0.078003 0.467969 0.076443 0.467187 0.065523 0.459375 0.062402 0.455469 0.063963 0.451562 0.057722 0.453125 0.045242 0.451562 0.032761 0.434375 0.031201
1 0.418750 0.000000 0.419531 0.009360 0.422656 0.012480 0.430469 0.014041 0.431250 0.017161 0.432812 0.014041 0.436719 0.014041 0.435937 0.000000
1 0.837500 0.561622 0.813281 0.609984 0.810937 0.611544 0.807813 0.620905 0.827344 0.661466 0.847656 0.698908 0.857031 0.720749 0.957812 0.917317 0.997656 0.996880 0.997656 1.000000 1.000000 1.000000 1.000000 0.875195 0.997656 0.873635 0.996094 0.867395 0.946875 0.769111 0.892188 0.653666 0.883594 0.641186 0.858594 0.589704 0.851562 0.580343 0.843750 0.563183
1 0.992969 0.418097 0.983594 0.438378 0.971875 0.471139 0.935156 0.560062 0.932031 0.570983 0.910156 0.625585 0.900781 0.644306 0.898438 0.652106 0.898438 0.661466 0.913281 0.695788 0.983594 0.839314 0.997656 0.870515 1.000000 0.870515 1.000000 0.422777
1 0.797656 0.026521 0.798438 0.029641 0.800781 0.028081 0.800000 0.024961
1 0.790625 0.007800 0.789844 0.014041 0.792188 0.014041 0.792969 0.010920
1 0.584375 0.000000 0.585156 0.012480 0.633594 0.109204 0.669531 0.185647 0.696875 0.238690 0.732031 0.313573 0.745313 0.338534 0.747656 0.346334 0.757812 0.363495 0.763281 0.377535 0.788281 0.425897 0.792969 0.438378 0.796875 0.443058 0.839063 0.531981 0.873437 0.599064 0.875781 0.606864 0.885156 0.625585 0.891406 0.631825 0.896875 0.631825 0.903906 0.620905 0.917188 0.583463 0.925781 0.564743 0.936719 0.535101 0.939063 0.524181 0.938281 0.513261 0.875781 0.388456 0.867188 0.368175 0.832812 0.299532 0.827344 0.291732 0.820312 0.273011 0.811719 0.258970 0.789844 0.210608 0.743750 0.118565 0.742188 0.112324 0.712500 0.056162 0.711719 0.051482 0.696094 0.021841 0.693750 0.014041 0.689063 0.006240 0.685156 0.004680 0.684375 0.000000
1 0.400000 0.970359 0.399219 0.973479 0.402344 0.978159 0.402344 0.981279 0.404687 0.982839 0.405469 0.973479
1 0.383594 0.940718 0.389062 0.950078 0.389062 0.939158
1 0.368750 0.909516 0.373437 0.918877 0.373437 0.909516
